0.9288113117218018
34.0196418762207
64.9006941318512
96.48372507095337
127.53722214698792
159.01530122756958
189.59063935279846
219.43592309951782
249.5676190853119
279.54646825790405
309.7919673919678
338.8442735671997
368.85027623176575
399.678156375885
429.83355927467346
458.4929497241974
489.87255930900574
520.967764377594
552.8111910820007
584.8760159015656
619.281325340271
648.9054110050201
679.6460223197937
709.978705406189
739.7413401603699
768.1648843288422
798.8130393028259
829.6710360050201
860.6471462249756
890.5588355064392
920.4616618156433
950.8426079750061
980.8418455123901
1010.4650187492371
1040.3218429088593
1070.5985429286957
1101.4460608959198
1131.0183386802673
1161.4032862186432
1191.7412588596344
1222.4791197776794
1253.2061712741852
1284.1509313583374
1315.9375686645508
1346.366244316101
1376.4587078094482
1407.7922072410583
1438.450575351715
1468.7465574741364
1499.315120458603
1531.424039363861
1562.1963021755219
1592.3790254592896
1623.1844091415405
1653.8593451976776
1683.494146823883
1713.7867012023926
1744.5144820213318
1775.4139847755432
1805.6990389823914
1834.3100202083588
1865.6247832775116
1897.0557689666748
1927.4400930404663
1958.6237273216248
1989.322102546692
2020.0470938682556
2050.523077249527
2081.6763322353363
2111.830166578293
2141.507529735565
2172.7388339042664
2201.5926270484924
2231.766303539276
2262.176412820816
2291.2437558174133
2323.275634288788
2353.923352241516
2385.267706155777
2415.043183326721
2446.429913520813
2477.87100982666
2508.463385105133
2538.467984676361
2569.5380578041077
2601.418152809143
2632.6867089271545
2663.3494482040405
2695.221952676773
2726.4178173542023
2757.413381576538
2788.0875549316406
2819.8888096809387
2851.7385952472687
2884.358329772949
2915.401797056198
2944.149135828018
2974.7783422470093
3004.6332030296326
3037.3997027873993
3067.887573003769
3099.0532014369965
3129.7105944156647
3160.620386123657
3191.7689049243927
3222.5460045337677
3253.9632506370544
3285.5319418907166
3316.2809913158417
3348.2429835796356
3378.8931879997253
3407.9823586940765
3438.8557131290436
3470.875907421112
3507.436393737793
3539.7678287029266
3570.9973397254944
3602.940402030945
3636.1622800827026
3668.36919093132
3700.8315603733063
3733.0543961524963
3764.5181002616882
3796.8257791996
3829.2144572734833
3861.4608511924744
3892.592399120331
3924.708041191101
3957.479192495346
3989.567863225937
4022.3301117420197
4054.9220638275146
4087.292364835739
4119.5964550971985
4153.584463357925
4186.261196136475
4218.762202739716
4252.067859888077
4284.338875770569
4316.6965408325195
4348.980707168579
4381.844349622726
4412.14058971405
4443.911937713623
4476.74122095108
4507.639406442642
4539.733689069748
4571.105311632156
4602.764777421951
4634.998361587524
4666.94827747345
4698.300740480423
4730.864099979401
4763.30809879303
4797.136758565903
4830.375235795975
4863.981066226959
4897.253228187561
4930.751938581467
4962.725639104843
4995.2133684158325
5027.922885894775
5060.660330533981
5093.033964395523
5126.063346862793
5158.991870164871
5191.962470531464
5224.440972805023
5257.61394572258
5290.5191559791565
5323.246099233627
5355.97168135643
5388.702443599701
5420.526358127594
5453.23059463501
5485.644353151321
5518.400813102722
5551.280994415283
5584.06046795845
5616.924236297607
5651.042135000229
5683.791366100311
5715.4849689006805
5747.247310161591
5780.520984649658
5814.079090356827
5846.584024429321
5878.440500497818
5911.042958021164
5944.127727031708
5976.773707151413
6010.933680772781
6043.512959957123
6076.253279209137
6109.06568312645
6142.58686375618
6176.297308206558
6209.043566942215
6241.383703947067
6273.777408123016
6306.646550178528
6339.734674692154
6373.641300916672
6406.0498950481415
6438.53856754303
6472.445295333862
6504.254041433334
6537.126387357712
6569.551606178284
6602.61851477623
6634.876489400864
6667.396880865097
6700.719082117081
6733.309607028961
6766.060292720795
6799.285305023193
6832.057959794998
6863.898025035858
6896.235743999481
6928.358106851578
6959.730691194534
6990.211405992508
7022.86045050621
7055.724416971207
7089.499156713486
7122.948418855667
7156.22034406662
7190.4776611328125
7223.7340404987335
7257.7325694561005
7290.723940372467
7324.2569036483765
7356.999217033386
7390.280871629715
7425.931212902069
7464.268518447876
7497.699450969696
7531.727155208588
7565.2894859313965
7598.2313067913055
7630.566713809967
7664.100471496582
7696.428263664246
7729.496311187744
7762.691482305527
7796.742040872574
7830.484787464142
7863.482553720474
7896.69708609581
7930.481988430023
7964.037241220474
7997.008320093155
8030.743462562561
8063.699523687363
8095.344135046005
8128.550846338272
8162.3862409591675
8194.370862007141
8227.236670970917
8260.252136945724
8293.042065858841
8325.834026098251
8358.180884599686
8391.202628850937
8422.495972394943
8454.99438881874
8487.920656204224
8523.174472332
8557.8187687397
8590.075077295303
8622.321906328201
8656.013665914536
8689.220279932022
8722.3828830719
8756.147445678711
8788.876583099365
8822.93215060234
8855.54067659378
8888.391490459442
8920.701196432114
8951.68378329277
8984.263760328293
9016.998560905457
9050.751699447632
9083.359800577164
9115.497426509857
9148.53131365776
9182.125422239304
9214.569922685623
9247.572945833206
9280.999947309494
9314.510039329529
9347.928497552872
9380.98076057434
9413.942029714584
9446.904205560684
9480.372902393341
9513.862500429153
9547.09966301918
9578.962819337845
9612.958797454834
9646.579747915268
9678.894585847855
9712.635400056839
9746.764163017273
9779.838170051575
9812.804847955704
9846.189648151398
9878.864829778671
9912.264045476913
9945.693263053894
9979.88906955719
10013.324887275696
10046.811029911041
10081.530173778534
10115.017097711563
10149.440361738205
10183.763193845749
10217.606616973877
10251.730617284775
10286.501859664917
10320.172083377838
10352.822350025177
10387.842575788498
10421.704058647156
10455.833689689636
10489.882249116898
10524.135651350021
10559.012477874756
10591.30391407013
10625.140882730484
10660.307821273804
10695.194304227829
10728.202816724777
10761.602320432663
10799.502722263336
10834.426171064377
10868.762956142426
10904.040161132812
10939.06987118721
10971.587742567062
11004.783835887909
11038.059611797333
11071.808063030243
11105.285572052002
11138.77080154419
11171.440078020096
11204.546813488007
11238.900395154953
11272.036883115768
11306.153893709183
11340.725772619247
11377.038982391357
11412.219643115997
11447.539678812027
11480.262609243393
11515.308894634247
11549.594076633453
11584.847818136215
11617.66644692421
11652.222534656525
11687.735884428024
11722.216894865036
11755.84407043457
11790.926597356796
11824.201615095139
11859.407485485077
11895.481592178345
11929.825825929642
11964.827084302902
11999.835857868195
12034.540032148361
12069.436432123184
12103.584714651108
12138.697256803513
12172.216348409653
12206.358158826828
12240.716786146164
12273.87129688263
12308.075010538101
12342.034913301468
12375.535697937012
12410.75412273407
12444.776607751846
12480.255944490433
12515.60015463829
12550.106243610382
12584.692103147507
12617.721049785614
12651.213846683502
12685.243282556534
12718.174982070923
12751.469458818436
12783.953759431839
12818.326596021652
12851.622977256775
12885.62857079506
12920.182479381561
12953.177753686905
12987.899326324463
13023.236304044724
13057.753834486008
13093.019070148468
13124.874710321426
13155.923365831375
13189.9297041893
13222.686148405075
13255.69535279274
13288.627767086029
13320.239087820053
13352.503223896027
13385.586245298386
13418.369211912155
13450.96866774559
13483.497188091278
13516.455475330353
13549.0758330822
13582.399044036865
13614.683192968369
13645.702553033829
13678.560073852539
13710.940853357315
13743.90027308464
13776.326249837875
13809.574935913086
13842.435388803482
13875.162698507309
13907.85064458847
13941.104708433151
13973.353210449219
14005.613711357117
14038.436109304428
14071.783289909363
14104.703907966614
14137.020052433014
14170.552373170853
14201.552865982056
14234.147640943527
14268.8818526268
14304.519709825516
14337.11169552803
14370.894180059433
14405.654153585434
14439.444691419601
14472.774480104446
14505.508827209473
14542.979805231094
14574.16677570343
14608.194074392319
14640.633611440659
14673.8855946064
14707.513750314713
14741.742841959
14774.64255285263
14807.1134288311
14840.62893295288
14874.261927843094
14907.772729635239
14939.48190832138
14973.753217935562
15007.132112264633
15040.961661815643
15074.300881624222
15106.942087650299
15140.728294372559
15174.470859527588
15207.38692522049
15240.85615181923
15273.7307908535
15305.945402145386
15338.93049287796
15372.847596406937
15405.19244337082
15438.239724874496
15470.176494836807
15503.09133052826
15536.857481718063
15569.796489238739
15603.911947250366
15637.211881160736
15669.194163322449
15701.331102609634
15734.302786588669
15768.039493322372
15801.046619415283
15833.842289924622
15867.124965667725
15898.652066230774
15932.91525220871
15966.9058573246
16000.040898323059
16032.384467363358
16064.006860256195
16096.808806419373
16130.368538856506
16163.438009500504
16196.37853360176
16227.81934762001
16261.61373591423
16294.691541671753
16327.597747802734
16360.920914649963
16394.5109937191
16425.508501529694
16458.049436092377
16492.51220846176
16523.24913406372
16556.89104104042
16589.462420463562
16622.45572400093
16655.329862117767
16688.778911590576
16721.033425331116
16756.933759212494
16790.61454463005
16825.29168987274
16857.84477710724
16891.296996831894
16924.163824558258
16957.664931297302
16989.526676654816
17021.280401945114
17054.483604431152
17088.83694767952
17121.892466545105
17155.087550401688
17187.997574806213
17220.022001504898
17253.389579296112
17286.318042755127
17319.685932397842
17353.083817005157
17386.76353096962
17419.858753204346
17452.980488061905
17485.403127908707
17518.29856133461
17551.51706647873
17584.40570139885
17615.707720041275
17648.922370910645
17681.278285503387
17711.085701227188
17744.567836523056
17777.040637016296
17808.497435092926
17839.846675157547
17873.83394384384
17906.55312037468
17939.926005601883
17974.14846611023
18007.27605199814
18041.42204976082
18076.0214138031
18110.072920799255
18142.293673992157
18175.879640102386
18209.132218837738
18242.5233130455
18274.117295980453
18307.82018685341
18341.16000699997
18373.546601057053
18406.483695983887
18439.55625653267
18473.27254343033
18506.330290794373
18539.298396587372
18571.674514055252
18603.990950345993
18636.090890169144
18667.91911458969
18700.508203029633
18733.73303127289
18767.640223503113
18800.480051279068
18833.47725534439
18866.736174106598
18899.70294690132
18931.622940540314
18964.90584373474
18997.361061811447
19030.536722898483
19062.391864299774
19095.936517715454
19128.754250764847
19163.302879333496
19196.431325674057
19229.092564582825
19261.331022024155
19293.325371980667
19326.289603710175
19359.696705818176
19392.953466415405
19424.450615882874
19457.62637615204
19490.828689575195
19524.799516677856
19557.58669066429
19591.675773620605
19625.392540454865
19658.642684936523
19691.720288038254
19725.61148238182
19758.39882493019
19792.197134256363
19824.331325769424
19858.457595348358
19891.824467658997
19924.99262237549
19958.040449142456
19989.853954792023
20024.032623052597
20057.559431552887
20089.777019500732
20121.86997938156
20155.09112548828
20188.613612890244
20222.43515229225
20255.67190003395
20289.3152179718
20320.654797554016
20353.62805914879
20385.464781045914
20418.450155973434
20451.916702508926
20483.44229197502
20516.53116297722
20549.224137306213
20583.25116443634
20617.764981031418
20651.317291736603
20684.847796201706
20717.67394375801
20751.506213903427
20784.823196172714
20817.393327474594
20850.329614162445
20882.877772808075
20915.152794599533
20948.167224884033
20981.69880437851
21014.859044790268
21046.996502637863
21081.213862895966
21114.770797014236
21147.74076604843
21181.488459825516
21214.58531332016
21248.118244171143
21280.25016951561
21313.825845479965
21346.722999811172
21380.76116681099
21413.539630889893
21447.18813610077
21480.999481201172
21513.204662799835
21544.671116113663
21577.787034511566
21610.37208175659
21642.702369213104
21676.295426607132
21709.18997001648
21741.914865016937
21776.10761976242
21810.21296811104
21844.14963579178
21876.90514087677
21910.543773174286
21943.5412504673
21976.05752682686
22009.27086997032
22041.39741253853
22075.05956506729
22105.774389743805
22139.379675865173
22173.705949783325
22207.71679377556
22240.202840328217
22272.60102891922
22306.20802640915
22339.00784635544
22373.83278822899
22407.458290576935
22440.764627456665
22474.781836509705
22507.003214120865
22539.344720840454
22572.395543575287
22604.644934415817
22637.57205057144
22670.853942632675
22704.61523747444
22737.733703136444
22767.965339422226
22802.962247133255
22836.25928926468
22870.83509373665
22905.105860471725
22938.794108867645
22971.56949353218
23004.210082530975
23038.45140147209
23077.7915225029
23112.03320646286
23146.385303020477
23180.22957468033
23211.520530939102
23245.055835723877
23278.374707460403
23311.409812688828
23344.405562400818
23377.675457954407
23409.295053958893
23441.77716231346
23476.383526325226
23510.200228214264
23544.125518798828
23575.826379776
23607.465561389923
23640.16956615448
23674.139851808548
23706.364377260208
23737.77446126938
23771.80123925209
23804.80950331688
23837.52078604698
23870.41536474228
23903.795117139816
23937.049007177353
23969.905052661896
24004.389649152756
24044.29331254959
24076.012178182602
24110.186554670334
24143.37657880783
24175.180755615234
24208.136008501053
24242.10479927063
24274.1747443676
24307.43243956566
24340.639578819275
24374.454862833023
24407.541688919067
24439.57618379593
24472.41598200798
24506.036734342575
24539.187095165253
24572.53663778305
24605.006113290787
24638.324697732925
24673.304579496384
24707.25214099884
24741.003112077713
24773.30495071411
24807.545800447464
24839.84144282341
24873.178415298462
24906.167818784714
24939.527517557144
24973.871208906174
25008.07294535637
25041.255987644196
25074.37264895439
25107.399165391922
25141.03022003174
25174.925184488297
25209.52693772316
25240.545805215836
25272.66242980957
25308.800893068314
25341.901173591614
25377.57099056244
25411.767752170563
25446.852954626083
25482.211312532425
25515.736674547195
25551.093707561493
25585.525808811188
25619.88568854332
25655.273421525955
25690.341645479202
25726.506099939346
25761.31313228607
25797.573437452316
25830.369908332825
25865.073531866074
25900.79904150963
25936.559776306152
25971.298775434494
26005.99539208412
26041.144307613373
26075.517332077026
26109.73494577408
26144.10243654251
26185.074484825134
26228.26655769348
26269.81578230858
26303.772104024887
26338.64111638069
26372.470054626465
26407.863104104996
26442.433121442795
26477.313179254532
26512.16813325882
26548.284767866135
26582.75142621994
26617.942364692688
26652.846408367157
26686.690383911133
26722.504227638245
26758.294762849808
26793.618364095688
26828.582948446274
26864.241136312485
26899.30611848831
26934.847187042236
26969.831398010254
27005.46956014633
27039.683993577957
27075.836702108383
27108.15034174919
27142.9877140522
27178.381306409836
27213.439752340317
27248.267154455185
27283.739748716354
27317.86932206154
27353.04822731018
27388.062487840652
27423.28670501709
27457.780688524246
27490.720675945282
27525.51703619957
27561.775085926056
27596.994418621063
27631.145168066025
27666.40480017662
27700.207481622696
27736.625233888626
27771.681878566742
27807.659491539
27841.015820980072
27875.87247300148
27909.920260429382
27944.662834644318
27979.837621212006
28012.653005599976
28047.972529649734
28082.965686798096
28115.641973018646
28151.246718406677
28186.442678928375
28221.60128068924
28257.08235502243
28291.653793811798
28325.93554186821
28361.23308467865
28394.316730499268
28430.70006632805
28464.725284814835
28499.42544221878
28534.44553089142
28569.815184354782
28605.18669462204
28640.870548009872
28679.195947408676
28714.14327120781
28749.32843899727
28784.9929561615
28821.052256822586
28855.321778297424
28890.522240400314
28923.566310167313
28958.31490254402
28993.719539403915
29028.06124663353
29063.43762421608
29098.126365423203
29132.887290477753
29166.181824207306
29201.794101715088
29236.08644938469
29268.561438322067
29305.02294564247
29339.982129096985
29377.222375631332
29412.818108797073
29447.49003791809
29481.861850976944
29517.075004339218
29551.628569841385
29588.48796391487
29623.402710199356
29656.14598751068
29691.585617542267
29727.689687490463
29762.168479919434
29797.721196889877
29833.764597177505
29869.259392499924
29903.586537837982
29938.95893907547
29973.773344516754
30008.444049835205
30042.1533203125
30075.965177059174
30109.838586330414
30144.99438381195
30180.156444311142
30215.725837230682
30251.151347875595
30286.920169115067
30321.582691669464
30357.864073753357
30391.171698331833
30426.211698532104
30461.516877174377
30497.161041021347
30532.175696611404
30566.678025960922
30602.515608549118
30637.955377578735
30673.51313471794
30709.068627119064
30743.782073020935
30780.38047003746
30814.998139858246
30850.755105495453
30884.765252828598
30919.90679168701
30954.940220594406
30988.306166410446
31023.946529626846
31059.186507225037
31095.37313103676
31130.021215200424
31166.418516397476
31203.420176506042
31237.10095667839
31271.929171085358
31307.023849964142
31341.77390575409
31376.52731013298
31411.783658981323
31446.541125774384
31480.93660402298
31516.980981588364
31551.499700307846
31586.8026304245
31621.42178583145
31656.043602705002
31691.058736801147
31727.143583536148
31761.642154455185
31796.631006240845
31829.707414150238
31865.565623044968
31899.52360844612
31934.146243095398
31969.587044239044
32006.04926586151
32041.344936847687
32075.548733234406
32110.68938922882
32145.712741613388
32181.15101790428
32216.112550497055
32251.41743350029
32286.74598145485
32322.64041543007
32358.95732831955
32394.6013777256
32429.297818899155
32465.078243732452
32499.66960954666
32534.503673791885
32570.270490407944
32605.373475551605
32640.86023068428
32674.207785367966
32709.4612967968
32743.304535627365
32778.246181964874
32813.334204912186
32849.25501871109
32885.150616168976
32919.9739780426
32955.82112455368
32991.932039022446
33026.86466741562
33061.57141780853
33096.75991654396
33131.55234503746
33166.74068403244
33202.22133564949
33236.424181222916
33270.21614551544
33304.918761491776
