0.9520483016967773
16.683917760849
30.566190481185913
45.81276226043701
59.22619867324829
72.69007301330566
86.0162992477417
99.27528047561646
112.45581674575806
125.86680769920349
139.29433584213257
152.47968244552612
165.78253865242004
179.96733927726746
193.41593980789185
206.88722372055054
220.30756664276123
233.6833896636963
247.03791069984436
261.4156086444855
274.6898820400238
288.5894687175751
302.27569460868835
316.3513777256012
329.8671610355377
343.8766300678253
357.55145025253296
371.2129957675934
384.76005578041077
398.51454162597656
412.27501487731934
426.33133268356323
440.7880003452301
455.1642413139343
468.7800512313843
482.65093207359314
496.7047562599182
510.5848636627197
524.5873830318451
539.1986293792725
553.3253200054169
566.962277173996
581.0765635967255
595.1277966499329
609.4004373550415
623.8364429473877
638.0958158969879
653.7611424922943
668.5960628986359
682.6352834701538
696.5825042724609
710.6792089939117
724.599615573883
738.4808924198151
752.4799494743347
766.2243535518646
780.3452608585358
794.2301087379456
808.3704724311829
822.8534638881683
837.0130667686462
851.2530462741852
864.9960148334503
879.4215805530548
893.7678117752075
908.372456073761
922.5922966003418
936.4640805721283
950.9505040645599
966.1261270046234
980.5913712978363
994.8986501693726
1008.9050040245056
1023.0478529930115
1037.0620226860046
1051.3990459442139
1065.8187727928162
1080.0844149589539
1094.1659774780273
1109.0689878463745
1123.1527199745178
1137.163637638092
1151.7441091537476
1166.3153302669525
1181.2363588809967
1195.96351313591
1209.8946113586426
1224.0319669246674
1240.2650804519653
1254.4895317554474
1269.4694402217865
1283.697982788086
1298.230595588684
1312.8115830421448
1326.77477145195
1341.4552688598633
1355.7540748119354
1370.0360519886017
1384.7967011928558
1399.3171689510345
1413.5413267612457
1428.4711344242096
1443.3364725112915
1457.4603049755096
1471.8973581790924
1486.1271934509277
1500.7515125274658
1514.672554731369
1528.7505366802216
1542.7538878917694
1556.9303505420685
1571.9131710529327
1587.1179113388062
1601.0126440525055
1615.3758561611176
1629.4135117530823
1643.9319531917572
1658.123274564743
1672.2082381248474
1686.093046426773
1700.6917915344238
1714.6600716114044
1729.1819353103638
1744.0379884243011
1758.219779253006
1772.4376113414764
1787.0506844520569
1801.397489309311
1816.438396692276
1830.9066994190216
1846.0124146938324
1861.2777862548828
1875.1626012325287
1889.8971037864685
1904.348443031311
1918.9046747684479
1933.9640035629272
1948.816746711731
1963.0489737987518
1977.3231885433197
1991.6807050704956
2006.0393617153168
2020.073718070984
2035.6311218738556
2050.132131576538
2065.0779659748077
2079.4323658943176
2094.3526108264923
2108.557779073715
2123.0150213241577
2137.5520310401917
2151.9856407642365
2166.251286506653
2180.8402626514435
2195.293148994446
2210.9676427841187
2225.531688928604
2240.0987741947174
2255.062334537506
2270.4418716430664
2285.2334175109863
2299.4257686138153
2314.1279582977295
2328.4139997959137
2343.0298030376434
2357.6025025844574
2372.3011286258698
2386.7211644649506
2401.273869752884
2416.90056848526
2431.413475751877
2447.938220500946
2462.9167971611023
2478.1379778385162
2493.538848876953
2508.149923324585
2523.530869960785
2538.225170612335
2553.7978677749634
2568.449985742569
2582.8139424324036
2597.553419828415
2611.8410329818726
2626.3949546813965
2641.230348587036
2655.786373615265
2670.206882238388
2684.6883025169373
2699.5831682682037
2714.2910203933716
2728.83189535141
2743.427332639694
2757.979654312134
2773.232532262802
2787.884045124054
2803.6612510681152
2818.769600391388
2834.3482809066772
2849.3379509449005
2864.153305053711
2878.8299729824066
2894.1778008937836
2908.9278602600098
2924.9860479831696
2940.2254672050476
2954.318419933319
2969.325033187866
2984.7718234062195
2999.438378572464
3015.0766966342926
3029.7603719234467
3044.6187314987183
3059.8442952632904
3074.792757511139
3089.3949706554413
3104.7343344688416
3119.8857805728912
3134.6739072799683
3150.0438208580017
3164.7514872550964
3179.4319128990173
3194.4306313991547
3209.3021597862244
3224.3604350090027
3239.4055433273315
3253.9172155857086
3269.2040588855743
3285.367885828018
3299.959510564804
3316.556482553482
3333.153106212616
3348.9944519996643
3363.7130229473114
3378.3098134994507
3393.221488714218
3408.9432260990143
3423.586467027664
3439.3369567394257
3455.374936103821
3470.825681209564
3485.272523164749
3500.089791536331
3514.9880051612854
3530.4378292560577
3545.3901295661926
3560.3828125
3574.961986541748
3589.8376381397247
3605.1178588867188
3619.7368710041046
3634.9650802612305
3650.1277091503143
3665.1662497520447
3681.192106962204
3696.2180054187775
3711.382580757141
3725.9893748760223
3741.406937599182
3756.224397420883
3771.605365037918
3787.5340077877045
3801.980794429779
3817.057458639145
3832.639584541321
3847.5218789577484
3862.716255903244
3877.8388378620148
3892.7955594062805
3907.9352509975433
3923.022396802902
3937.8734216690063
3952.6759803295135
3968.3362419605255
3984.914197921753
4001.056458711624
4016.0338644981384
4031.060269355774
4046.0498628616333
4061.4886198043823
4076.831358909607
4092.1361272335052
4107.071595668793
4122.037109375
4136.916313171387
4151.480259656906
4166.079729557037
4181.768198490143
4196.434620380402
4211.456233501434
4226.5737199783325
4242.962425231934
4257.972706079483
4273.602839708328
4289.125520467758
4304.541266918182
4319.668300867081
4335.957864522934
4351.216455698013
4366.92490029335
4382.36656665802
4397.704176425934
4413.312687158585
4428.58628153801
4444.350777387619
4460.088217258453
4475.318052768707
4492.004404067993
4507.489186763763
4522.053060531616
4537.414573907852
4553.344299077988
4568.832488536835
4583.479325532913
4598.6049284935
4613.300710439682
4628.977337837219
4643.883756875992
4658.764093160629
4674.084201574326
4688.875205039978
4703.878837823868
4718.791560649872
4734.163221120834
4749.047178506851
4763.917205810547
4780.297479391098
4799.631740570068
4815.077297449112
4830.420006752014
4845.815750837326
4861.386138677597
4876.581032752991
4891.555251121521
4907.614951610565
4922.418821573257
4937.516000032425
4953.598047018051
4968.329192638397
4983.640627861023
4998.851353645325
5013.9775540828705
5029.099234819412
5044.921212911606
5059.980301856995
5075.007164955139
5090.5345549583435
5106.319211244583
5121.390704631805
5137.047533988953
5152.311927318573
5167.344096422195
5182.750722885132
5197.912760734558
5213.641241788864
5229.008140087128
5244.437014102936
5259.2022824287415
5274.383802890778
5291.584943056107
5306.788709163666
5321.874731302261
5337.387800455093
5352.526265621185
5367.774433374405
5383.0737545490265
5397.913516759872
5413.4439198970795
5428.5044503211975
5444.295388460159
5459.464252710342
5474.495452642441
5489.197006225586
5504.335836172104
5519.76452255249
5537.570140123367
5552.138110637665
5567.094979524612
5582.141599416733
5597.297370433807
5612.323863744736
5630.655275583267
5645.894110202789
5661.624062299728
5677.132739782333
5692.953179359436
5707.822528839111
5723.938468694687
5739.808601140976
5755.193313360214
5770.012964248657
5784.847728967667
5799.903745174408
5815.355094671249
5830.730864286423
5845.87792634964
5861.445626974106
5876.375403404236
5891.882043361664
5907.151861906052
5922.622635602951
5938.522969245911
5953.853183746338
5969.100430011749
5984.597586154938
6000.1114382743835
6015.232096910477
6030.559566259384
6046.676582813263
6062.113575220108
6077.504775047302
6092.870336771011
6108.042638063431
6123.684502363205
6138.608049154282
6153.732982158661
6169.531615018845
6184.822421073914
6200.000252485275
6215.462294578552
6231.795268535614
6247.416759729385
6263.268651008606
6278.189111232758
6293.9741752147675
6308.9943017959595
6324.543656587601
6339.789976119995
6355.348712444305
6370.911225557327
6386.310997962952
6401.8398225307465
6417.420222997665
6433.578570842743
6449.040897846222
6464.278935909271
6479.823600769043
6494.707305431366
6510.562174081802
6525.491535663605
6540.767027139664
6555.9329829216
6571.390976667404
6588.476324081421
6604.550563573837
6620.0012419223785
6635.738366365433
6650.82909154892
6666.242645263672
6681.808977365494
6697.900675535202
6713.630706787109
6728.8124306201935
6745.683894872665
6761.152422428131
6776.746419668198
6792.485120534897
6807.5198969841
6822.734134197235
6838.4496281147
6853.991626024246
6869.9247760772705
6885.886002779007
6901.118249416351
6916.58363866806
6931.670238733292
6946.369453191757
6962.328615188599
6978.1646864414215
6994.568584442139
7010.56341958046
7026.454019546509
7041.8001527786255
7057.676740407944
7073.139272689819
7088.661774396896
7104.218761920929
7119.444713354111
7135.135166883469
7151.515465497971
7166.741115570068
7182.363974809647
7197.763493776321
7213.671698331833
7229.320026397705
7246.543701887131
7261.97962975502
7277.638253450394
7293.578836917877
7308.782691001892
7324.558069944382
7339.856003284454
7355.093908548355
7370.610064983368
7386.361298084259
7401.872838973999
7417.241052865982
7434.3840918540955
7449.709883928299
7466.0171456336975
7481.76757645607
7497.245021104813
7512.418872117996
7528.455535173416
7543.800103187561
7559.439074277878
7576.08966255188
7592.531802654266
7608.5395658016205
7624.197799921036
7639.580132961273
7655.527183055878
7671.048180580139
7686.369145154953
7701.4645302295685
7717.003477811813
7733.271198987961
7749.497313261032
7764.677201509476
7780.9238612651825
7796.985097885132
7813.134054660797
7828.700102329254
7845.3624403476715
7861.911705493927
7877.6759197711945
7893.050669193268
7908.118651390076
7923.908949136734
7939.172038078308
7954.981296777725
7972.957915067673
7988.609202623367
8004.913847208023
8022.885303974152
8041.532864332199
8057.296630620956
8073.447690963745
8088.827727556229
8104.276743888855
8119.852047204971
8135.968901157379
8152.138215065002
8168.067007780075
8183.373438358307
8198.713406085968
8214.84067940712
8230.290057182312
8245.492269277573
8261.430457115173
8277.422195196152
8293.450602769852
8308.901553153992
8325.697217941284
8340.84852528572
8357.249841451645
8372.891107082367
8388.164555549622
8403.49820637703
8419.789870738983
8435.718341350555
8451.690371751785
8467.27373290062
8482.993185281754
8498.883906126022
8515.328811883926
8531.267484426498
8546.466720342636
8562.126010417938
8577.939674377441
8593.675719738007
8609.722561836243
8626.8483543396
8642.416057109833
8659.276875257492
8675.929275989532
8692.630198955536
8708.551048278809
8725.772453784943
8741.790890693665
8758.315087080002
8774.58890080452
8790.789893865585
8807.583555936813
8823.237307310104
8838.699699163437
8853.861191987991
8869.72293972969
8885.358605146408
8900.800493955612
8916.526226997375
8932.254259109497
8948.711030721664
8964.520988225937
8980.54612994194
8997.556287050247
9013.339969873428
9029.127048254013
9045.202798128128
9060.860831737518
9076.537280797958
9092.4672498703
9109.27741765976
9125.707000017166
9141.043731212616
9157.671040058136
9173.122178316116
9188.566596746445
9205.012585639954
9220.641243934631
9236.492976427078
9252.251994848251
9268.607121944427
9284.942623138428
9301.139848947525
9317.48494052887
9333.610291719437
9349.382616996765
9364.745498418808
9380.747449159622
9396.622276544571
9412.695733070374
9428.399624586105
9444.7748939991
9459.911320924759
9475.953125476837
9492.942505836487
9508.76378250122
9525.32748746872
9542.902946710587
9561.967337369919
9583.161729574203
9601.643058776855
9617.815092802048
9634.991064071655
9650.604604005814
9666.740825414658
9682.244913578033
9698.036556005478
9715.209053516388
9730.97346496582
9747.064937829971
9761.988166093826
9778.255979061127
9794.36440038681
9811.591427326202
9827.100611925125
9842.839835643768
9859.141472101212
9876.01257967949
9891.97189450264
9908.403681755066
9924.80968785286
9940.339248418808
9956.761886119843
9972.162378549576
9988.617900133133
10004.190422773361
10020.215401887894
10035.938658714294
10052.406901836395
10068.070971727371
10083.97206234932
10099.600052118301
10115.49886059761
10132.29483962059
10147.463895320892
10163.587010383606
10180.006817817688
10196.668821573257
10212.72063279152
10228.973286628723
10245.477558851242
10261.526154756546
10278.30357837677
10294.047522068024
10310.634568214417
10326.57208776474
10342.735923528671
10358.249310016632
10374.433482646942
10390.862445354462
10406.032151937485
10421.815501213074
10437.651808738708
10453.55233335495
10468.736174106598
10487.643260240555
10508.923716783524
10530.584471940994
10556.90865111351
10573.034075975418
10589.291584730148
10605.680900335312
10621.500311136246
10637.13325214386
10652.808498620987
10668.456550121307
10684.56544828415
10700.171095132828
10716.561262130737
10732.321506023407
10748.33354973793
10765.31821012497
10781.904562234879
10798.155879020691
10813.421717643738
10829.881291866302
10846.131889343262
10861.692773103714
10878.443925857544
10895.045562028885
10911.171394586563
10927.428082704544
10943.361802816391
10959.622421979904
10975.907159805298
10992.56717991829
11008.22814822197
11024.162543773651
11040.615551233292
11057.143077373505
11073.103487730026
11088.56957769394
11104.678050041199
11120.513990402222
11136.343141555786
11152.793873548508
11168.91357922554
11184.37015414238
11200.069811820984
11216.763600111008
11232.997007369995
11248.498492002487
11264.844930648804
11281.744214057922
11297.963602304459
11314.51430439949
11331.31466627121
11347.644303321838
11363.385650873184
11380.01283955574
11397.287650346756
11414.323723554611
11430.279302358627
11447.340196371078
11463.747913122177
11479.821650266647
11495.936100244522
11512.476977586746
11528.83579325676
11544.19154882431
11559.81101489067
11575.578080177307
11591.812439203262
11607.787469387054
11623.838780879974
11640.399740934372
11656.604929208755
11672.420778989792
11688.78873372078
11704.587067365646
11720.96497297287
11736.363925457
11752.321843624115
11768.734897613525
11784.836618423462
11802.62431049347
11818.907443523407
11835.599034070969
11851.229530334473
11866.854838848114
11883.17733335495
11901.295228004456
11917.205105304718
11932.882818222046
11949.191297769547
11966.460306882858
11985.193289518356
12012.64102935791
12038.883827924728
12058.694414377213
12075.395340204239
12091.895058631897
12110.503725767136
12128.073213100433
12144.198140859604
12162.364128828049
37260.16384792328
37279.892166137695
37296.56932377815
37313.11827421188
37328.982313871384
37344.64292860031
37360.37265276909
37376.09132218361
37391.88074684143
37407.89757180214
37423.5939848423
37440.78970003128
37457.019211530685
37473.16819548607
37489.44812440872
37505.85708808899
37521.90663290024
37537.577843904495
37553.708179950714
37569.601865530014
37585.57047700882
37602.363476514816
37618.673959732056
37634.25396943092
37650.33708405495
37666.56462287903
37682.801782369614
37698.37298965454
37715.05440092087
37730.89915704727
37747.24367952347
37763.75217914581
37779.84843087196
37796.47333288193
37811.71276688576
37827.693633556366
37843.249759435654
37860.516233444214
37876.25706577301
37894.1129758358
37909.9095389843
37926.56691622734
37943.632847070694
37959.0793595314
37975.62111949921
37992.071976184845
38007.7728831768
38023.09073925018
38040.463439941406
38055.93592214584
38071.4215798378
38087.68288755417
38104.17713356018
38120.27539014816
38136.337478637695
38155.05868554115
38177.590483903885
38199.18886756897
38220.01822304726
38239.305938482285
38257.853192806244
38276.026046037674
38291.923193216324
38307.54050374031
38323.63143658638
38339.272552251816
38355.03783774376
38370.937119960785
38386.32217478752
38401.571923971176
38417.504915475845
38433.524946928024
38449.6412525177
38467.304888010025
38483.31890845299
38498.88046836853
38514.63084745407
38530.2332277298
38546.62255001068
38562.36923980713
38578.40229058266
38594.029356241226
38609.92678976059
38626.274639844894
38642.65401530266
38658.072889328
38675.49700331688
38691.64800238609
38708.33987617493
38725.232850790024
38740.56036233902
38757.34492635727
38775.010791778564
38790.79206085205
38806.75459051132
38822.33476686478
38838.50338625908
38854.61250329018
38870.41950535774
38886.55903029442
38903.35626125336
38919.11287498474
38935.04469847679
38951.17996406555
38967.19258952141
38982.775636434555
38998.10856318474
39014.62961554527
39031.37928342819
39048.578538656235
39066.17726898193
39082.068195819855
39097.89802479744
39114.97990512848
39131.218739032745
39147.42843723297
39163.985923051834
39181.69049215317
39197.66521382332
39212.871754169464
39229.21742916107
39245.36991977692
39262.279457092285
39278.07359409332
39294.28341603279
39310.798736810684
39327.25349521637
39343.27627134323
39359.59700989723
39376.20807123184
39393.7853038311
39410.48436999321
39426.50764465332
39443.50005197525
39460.391339063644
39476.71818161011
39493.290024757385
39508.577791929245
39525.188294410706
39541.33461666107
39557.325367212296
39573.55964875221
39591.020443439484
39606.335956811905
39622.99712347984
39638.82212471962
39654.857743024826
39671.052820920944
39687.865906238556
39704.27637076378
39720.44701075554
39736.82138109207
39753.44518136978
39769.07096862793
39785.03594827652
39800.63841962814
39817.61834383011
39834.57085108757
39850.49083971977
39867.343650102615
39883.42864441872
39899.70034408569
39915.918771743774
39931.841794490814
39948.46812558174
39963.99373817444
39981.65453863144
39998.52746486664
40015.10330724716
40031.56974697113
40048.614651441574
40064.627052783966
40082.322632074356
40098.93580698967
40114.28373360634
40130.15547657013
40147.219182014465
40163.81719446182
40180.21393275261
40196.67578315735
40213.18655824661
40230.29558753967
40247.83999943733
40264.11608314514
40279.69819879532
40295.806549072266
40312.088514328
40328.29863739014
40344.7855451107
40360.94359755516
40376.79010558128
40393.00894165039
40409.40761566162
40426.05486035347
40443.25585055351
40459.03774499893
40474.91908788681
40491.21271729469
40507.49103665352
40523.61955547333
40539.75697731972
40556.595128297806
40572.54258608818
40589.13252067566
40605.274740457535
40621.718645334244
40638.39209294319
40654.679883003235
40671.3925819397
40688.10808253288
40703.86502170563
40720.2486884594
40736.621814250946
