0.8503267765045166
9.030805587768555
16.995460510253906
25.596074104309082
34.012080907821655
42.37885332107544
50.28766584396362
58.38058400154114
66.50786685943604
74.59536051750183
82.7371883392334
91.28207087516785
100.06523871421814
108.15769267082214
116.178715467453
124.08085989952087
132.00549745559692
141.0043864250183
149.14854979515076
157.13903331756592
165.28249597549438
173.69367456436157
181.62017607688904
190.08575630187988
198.21476531028748
206.39213252067566
214.83096885681152
223.0270974636078
231.57341361045837
239.80756306648254
247.8944628238678
256.12390780448914
264.07448172569275
272.47079205513
280.7309002876282
288.66547870635986
297.33360743522644
305.62505555152893
314.0057919025421
322.09387946128845
330.47419238090515
338.8002746105194
346.9979040622711
355.4745624065399
363.8045003414154
372.27708196640015
380.95013880729675
388.99066185951233
397.4394361972809
405.756952047348
414.72219157218933
422.84478974342346
430.99254274368286
439.45635199546814
447.35309863090515
456.1958911418915
464.5296483039856
473.01198530197144
481.3010313510895
489.6367988586426
497.98427414894104
506.45810747146606
514.8664336204529
523.3662223815918
531.8278000354767
540.3838355541229
548.7798688411713
556.9513945579529
565.9996378421783
574.3992385864258
582.7338790893555
591.234902381897
599.9544694423676
608.2165725231171
617.2911655902863
625.5499212741852
633.922168970108
641.9462611675262
650.3461947441101
658.7380394935608
667.5259611606598
675.5366342067719
684.1563503742218
692.6141631603241
701.1454820632935
709.5744295120239
718.1307532787323
726.0883617401123
734.7500095367432
744.3441038131714
752.8467178344727
761.5069980621338
770.0342109203339
779.0748670101166
788.0512001514435
796.6016964912415
805.1810877323151
813.8384447097778
822.5483357906342
830.9425082206726
839.4212307929993
847.8598456382751
856.3293225765228
864.7347860336304
873.4272906780243
881.9493696689606
890.0458309650421
898.4079947471619
907.073962688446
915.7184569835663
923.938304901123
932.4627916812897
940.7189528942108
949.5986964702606
958.1268134117126
966.7183728218079
975.3199849128723
983.6763730049133
992.4930691719055
1001.6520528793335
1010.2710559368134
1018.3236281871796
1026.9028947353363
1035.1562912464142
1043.4726159572601
1051.6670894622803
1060.3046107292175
1069.2042722702026
1077.267691373825
1085.9654567241669
1094.366529226303
1102.9915447235107
1111.6540520191193
1120.2527656555176
1128.4982562065125
1137.1859102249146
1145.511512517929
1154.32958650589
1162.6717383861542
1171.0363836288452
1179.5499324798584
1188.106252193451
1196.318989276886
1204.9074165821075
1213.7071750164032
1222.0169985294342
1230.3073899745941
1238.7252278327942
1247.2394971847534
1255.7527089118958
1263.9095458984375
1272.5832781791687
1280.9303395748138
1289.5229077339172
1297.7789843082428
1306.3224654197693
1315.0495977401733
1323.3651695251465
1331.6519663333893
1339.9603443145752
1348.1114344596863
1356.4159302711487
1364.7707297801971
1373.2057189941406
1381.8533687591553
1390.0502879619598
1398.6464657783508
1406.9547560214996
1415.8656375408173
1424.431220293045
1432.8347523212433
1441.135012626648
1449.6083059310913
1457.973870754242
1466.5433163642883
1474.9098043441772
1483.606261253357
1492.0512301921844
1500.2427082061768
1508.926914691925
1517.245236158371
1525.5961017608643
1534.568945646286
1543.0551755428314
1551.6997776031494
1560.1079785823822
1568.546543121338
1576.9629349708557
1585.1485075950623
1593.593852519989
1601.977451324463
1610.3129289150238
1618.74107837677
1627.0873692035675
1635.7880709171295
1644.4530370235443
1653.278650522232
1661.808025598526
1670.0369639396667
1678.6185960769653
1687.0568866729736
1695.508721113205
1704.378270149231
1712.7129185199738
1721.4581038951874
1730.1722295284271
1738.2375321388245
1746.7700817584991
1755.4711422920227
1763.8313415050507
1772.500904083252
1780.953396320343
1789.3515992164612
1797.9588980674744
1806.6793727874756
1815.2305290699005
1823.719209909439
1831.9207971096039
1840.221920967102
1848.6850593090057
1857.482902765274
1865.9404973983765
1874.3951382637024
1883.2301142215729
1891.7932012081146
1900.3973257541656
1910.3075170516968
1918.8419036865234
1927.7368190288544
1936.5403995513916
1945.9753229618073
1955.8590478897095
1965.4376876354218
1974.1549215316772
1982.6147928237915
1991.2126107215881
1999.9887561798096
2008.337779045105
2016.5560698509216
2024.7680797576904
2033.255019903183
2041.9747414588928
2050.4789905548096
2059.27254319191
2068.2318782806396
2076.4435007572174
2084.7953011989594
2093.0491421222687
2101.584484100342
2110.3024849891663
2118.7268331050873
2127.2404561042786
2135.9565150737762
2144.4523673057556
2152.878808259964
2161.4641828536987
2170.569095134735
2180.1149792671204
2189.403548717499
2197.975412130356
2206.8053135871887
2215.3945462703705
2223.742670059204
2232.3198585510254
2241.0280423164368
2249.6784999370575
2258.290393590927
2266.968748807907
2275.7169251441956
2284.317955970764
2293.075376033783
2301.6272149086
2310.0251474380493
2318.627585172653
2327.2118530273438
2335.7970039844513
2343.8847188949585
2352.4505779743195
2361.5824167728424
2370.190023422241
2378.4649443626404
2387.1220977306366
2395.8301050662994
2404.450592517853
2412.885801553726
2422.1396420001984
2430.7292971611023
2439.21515417099
2447.895700454712
2456.668938398361
2465.2546939849854
2473.9419610500336
2482.897707223892
2491.5679609775543
2499.4616124629974
2508.106767177582
2516.695622444153
2525.701738357544
2534.5701203346252
2543.1960155963898
2551.7166595458984
2560.3379006385803
2568.8127059936523
2577.709025144577
2586.171055316925
2594.6971232891083
2603.421481847763
2612.192197084427
2620.707942724228
2629.195306301117
2637.772879600525
2646.2352015972137
2654.8349328041077
2663.205675125122
2671.4332568645477
2679.8579013347626
2688.3405525684357
2697.193130970001
2705.683912038803
2714.5668666362762
2723.2982246875763
2731.615329027176
2740.4589438438416
2749.1212165355682
2757.833478450775
2766.6626813411713
2776.7626633644104
2786.908352613449
2796.7643752098083
2806.416212081909
2815.9395685195923
2825.9905092716217
2835.6692090034485
2845.4446816444397
2854.905655145645
2864.152241230011
2873.62459564209
2883.209212779999
2892.6607072353363
2902.086506843567
2911.2510421276093
2920.5085525512695
2929.985042333603
2939.1068692207336
2948.2387912273407
2957.304766893387
2966.535207271576
2976.9482007026672
2986.963629722595
2996.0282669067383
3004.8029882907867
3013.11870265007
3022.000893354416
3030.3502056598663
3038.8819177150726
3047.506334066391
3055.791446685791
3065.2142794132233
3074.390002012253
3083.557795524597
3093.7840464115143
3103.012115716934
3111.83661031723
3120.189136505127
3128.718735933304
3137.62633061409
3146.525876045227
3155.2660574913025
3163.828197479248
3172.588445663452
3181.18181180954
3189.549396276474
3197.9967093467712
3206.9410815238953
3215.2695441246033
3224.040575027466
3232.599205493927
3241.453648328781
3249.849486351013
3258.1211693286896
3266.770565509796
3275.185364484787
3283.757726430893
3292.526715993881
3301.007849931717
3309.8683047294617
3318.210743665695
3327.2933371067047
3335.8086426258087
3344.702038526535
3353.296823501587
3361.920084953308
3370.9894263744354
3379.4334292411804
3388.1648857593536
3396.7287876605988
3405.4393100738525
3413.8992807865143
3422.426076889038
3430.9264163970947
3439.4190106391907
3448.1184372901917
3456.607809782028
3465.0251746177673
3473.7158703804016
3482.1956639289856
3490.876585960388
3499.5145251750946
3507.9679038524628
3516.502487897873
3524.7953703403473
3533.6597712039948
3542.2602956295013
3550.754786014557
3559.3326275348663
3567.855723142624
3576.317791223526
3585.0223824977875
3593.904474258423
3602.358294725418
3611.189840555191
3620.1226904392242
3628.5653195381165
3637.1440267562866
3646.034511089325
3654.9403536319733
3663.689812898636
3672.262052297592
3680.9245266914368
3689.7267756462097
3698.319803237915
3706.7858562469482
3715.418051481247
3723.894038915634
3732.3276269435883
3741.0958380699158
3749.820886850357
3759.2006373405457
3768.423688650131
3777.2618503570557
3786.478260040283
3795.2963573932648
3803.806879758835
3812.5838527679443
3821.1230261325836
3829.808319568634
3838.2255535125732
3846.6399285793304
3855.077682495117
3863.5953130722046
3871.9951980113983
3880.781989812851
3890.008538246155
3898.9271852970123
3907.8620936870575
3916.7533094882965
3925.638688325882
3934.8438584804535
3943.967676639557
3954.4680614471436
3963.1736505031586
3972.7133536338806
3982.8346462249756
3992.4844195842743
4001.570826292038
4011.3559374809265
4023.878354549408
4034.288610458374
4044.8894708156586
4055.351554632187
4064.8868243694305
4074.125424146652
4082.8130145072937
4091.5883803367615
4100.420133829117
4109.260511875153
4117.741338014603
4127.740699052811
4136.927104711533
4145.786200284958
4154.520714759827
4163.656936645508
4172.707906961441
4182.053213834763
4191.106072187424
4200.555654764175
4209.46680521965
4218.52708029747
4227.85378241539
4237.91570520401
4246.853954553604
