1.2628207206726074
15.141315698623657
31.06303858757019
46.03942608833313
60.09549117088318
73.96564960479736
88.00758242607117
102.15823554992676
116.2686231136322
130.2981674671173
144.2464771270752
158.99333262443542
173.47587370872498
187.7069227695465
201.97369766235352
216.97711944580078
231.58498883247375
246.1776638031006
260.7279531955719
275.31866240501404
289.86579060554504
304.4530084133148
319.25846576690674
333.7098684310913
348.4235165119171
363.0473246574402
377.72408986091614
395.00423645973206
415.65291357040405
432.3535084724426
448.9944989681244
465.4023365974426
481.7682571411133
498.11532759666443
514.4845995903015
531.4312596321106
547.6888616085052
564.4515209197998
581.1110105514526
597.5842876434326
613.795282125473
630.6059050559998
647.0686795711517
664.0233929157257
680.8128516674042
697.6072978973389
714.3062093257904
731.1939907073975
747.7718260288239
764.8606815338135
781.8809173107147
798.7382798194885
815.5021224021912
832.1455149650574
848.7017359733582
865.9246618747711
882.8875694274902
899.604480266571
916.0389747619629
932.8234164714813
949.7558987140656
966.4308364391327
982.8244400024414
999.4374485015869
1016.3247652053833
1032.963161945343
1049.8767592906952
1066.7720596790314
1083.9423751831055
1100.9015383720398
1117.8378915786743
1135.2597906589508
1152.0809917449951
1168.9015605449677
1185.8211963176727
1202.8098661899567
1219.9098315238953
1236.618633031845
1253.4650809764862
1270.5283467769623
1287.6514980793
1304.9225311279297
1321.9478299617767
1339.2791662216187
1356.3245067596436
1373.3706221580505
1390.588003873825
1407.7005202770233
1424.8063883781433
1442.0052297115326
1458.8447184562683
1476.111641407013
1493.2098760604858
1510.8000619411469
1527.8423459529877
1545.0740971565247
1562.1927816867828
1579.2070009708405
1596.4776446819305
1613.7078278064728
1630.6932141780853
1647.7215523719788
1664.9760975837708
1682.1387338638306
1699.4264075756073
1716.6235241889954
1733.7010445594788
1751.1597173213959
1768.489399433136
1786.0657060146332
1803.490498304367
1820.8649921417236
1837.7522912025452
1854.8782505989075
1872.2414078712463
1889.9543738365173
1907.934003829956
1925.5223805904388
1941.4956147670746
1957.717657327652
1973.7687430381775
1989.4157497882843
2004.9213058948517
2020.9068758487701
2036.6486237049103
2052.5257432460785
2068.180672645569
2084.227015018463
2099.9010047912598
2115.134940624237
2130.8875110149384
2146.4708070755005
2162.5758962631226
2178.0340893268585
2193.5381836891174
2209.3191838264465
2225.1281521320343
2240.7302219867706
2256.474796295166
2272.0618250370026
2288.049736022949
2304.018684864044
2320.0331511497498
2335.949166536331
2351.6585943698883
2367.5791318416595
2383.4604499340057
2399.182555913925
2415.2417182922363
2431.075802087784
2446.715582370758
2462.379119157791
2478.376038789749
2494.0070588588715
2510.098743915558
2526.1811051368713
2542.1887369155884
2557.751569032669
2573.550401687622
2589.3862698078156
2604.794672727585
2620.446300268173
2636.3498997688293
2652.549695968628
2668.3568177223206
2684.115626335144
2700.262928009033
2716.0639107227325
2732.0446660518646
2747.8422288894653
2764.062572002411
2780.2737176418304
2796.071211338043
2812.0981431007385
2828.202610015869
2843.9705526828766
2860.0550932884216
2875.924978017807
2891.776507616043
2907.4627010822296
2923.223056077957
2939.41485452652
2955.434815645218
2971.207100391388
2987.0948028564453
3003.450697183609
3019.6117928028107
3035.5847778320312
3051.487260580063
3067.7160863876343
3083.5210185050964
3099.9766116142273
3116.123754262924
3132.1449093818665
3148.2385206222534
3164.3568897247314
3180.1865315437317
3196.2260744571686
3212.532238960266
3228.60111618042
3244.3417501449585
3260.359855413437
3276.9360570907593
3293.2175076007843
3309.180191755295
3325.1739826202393
3341.376144170761
3357.5055301189423
3373.5466871261597
3389.6967310905457
3405.6028957366943
3421.328583240509
3437.6246802806854
3453.3201019763947
3469.0442464351654
3485.342545032501
3501.3253519535065
3517.473623752594
3533.541629552841
3549.4928522109985
3565.15757727623
3581.236545085907
3597.092554330826
3613.000368833542
3629.359296321869
3645.181361913681
3660.981586456299
3676.929803609848
3692.953975915909
3709.011319875717
3725.165910243988
3741.4411146640778
3757.420027256012
3773.4898614883423
3789.2943091392517
3805.575766324997
3821.6369347572327
3838.0347969532013
3854.4841017723083
3870.3773849010468
3886.846108675003
3903.075872898102
3919.3588671684265
3935.4489183425903
3951.535949230194
3967.580910205841
3983.494001865387
4000.528921842575
4017.0162003040314
4033.3927290439606
4049.6589772701263
4065.430414199829
4081.796236038208
4097.491415977478
4113.529922246933
4129.718304872513
4145.767560005188
4161.963200092316
4178.125227212906
4196.203112363815
4212.5791091918945
4228.930630683899
4245.088645219803
4261.230994224548
4277.704741477966
4294.573176860809
4310.99298286438
4327.0934228897095
4343.501093864441
4359.346793174744
4375.728028059006
4391.753946065903
4407.911983013153
4424.229863405228
4440.272714138031
4456.308603048325
4472.290926456451
4488.410633563995
4504.540968418121
4520.284405708313
4536.664840221405
4553.095705509186
4569.121297121048
4585.424999237061
4601.692435503006
4617.934140205383
4634.220943450928
4650.281207084656
4666.32044005394
4682.31863117218
4698.3830778598785
4714.849396705627
4730.567935228348
4746.966858625412
4763.264186859131
4779.4321258068085
4795.5706124305725
4811.951182603836
4827.974590778351
4843.942589998245
4860.4102194309235
4876.860866308212
4893.297261476517
4909.720847129822
4926.201722145081
4942.806104183197
4959.445183038712
4975.903382539749
4992.194645404816
5008.6316640377045
5025.11155796051
5041.615916967392
5058.013529539108
5074.698928594589
5091.135750770569
5107.4720203876495
5123.828929901123
5140.02737569809
5156.515819072723
5172.892280578613
5189.270170450211
5205.537295103073
5221.932205915451
5238.0549919605255
5254.375097513199
5270.733180999756
5286.899708986282
5303.32501077652
5319.306071281433
5335.653201580048
5351.857427597046
5368.140438079834
5384.68070602417
5401.009170770645
5417.07564330101
5433.493229389191
5449.650810241699
5465.923830032349
5482.413495540619
5498.806307077408
5514.857857227325
5531.117118358612
5547.26709485054
5563.644155740738
5579.848849534988
5596.355361223221
5612.59562420845
5628.860013723373
5645.254676580429
5661.6927580833435
5677.752683877945
5694.216507911682
5710.739914655685
5727.2138640880585
5743.464595079422
5759.398227930069
5775.463226318359
5791.569736242294
5808.093505382538
5824.635610818863
5840.901805877686
5857.441895723343
5874.035635709763
5890.462398290634
5906.720062017441
5922.856315612793
5939.259187698364
5955.912166118622
5972.810695409775
5989.246336221695
6005.663982868195
6022.201654434204
6038.513936042786
6054.8477330207825
6071.408822774887
6087.8879380226135
6104.402104377747
6120.888918638229
6137.283228635788
6153.661243438721
6169.929761648178
6186.341977119446
6202.592731714249
6219.6674818992615
6235.866893529892
6252.469835519791
6268.732623577118
6285.300819396973
6301.622015476227
6317.991911172867
6334.253463506699
6350.380920171738
6366.159040927887
6382.354624271393
6399.051075696945
6415.253459692001
6433.267604112625
6449.789972782135
6466.386256694794
6482.413933515549
6498.737676382065
6515.280121088028
6531.781918048859
6547.53888297081
6563.720808506012
6580.098778247833
6596.847341775894
6613.573250055313
6629.756185770035
6646.244519472122
6662.569404840469
6679.210490942001
6696.067471504211
6712.578412771225
6729.072833299637
6745.531857252121
6761.973379135132
6778.885275602341
6795.125289678574
6811.702977657318
6828.061784982681
6844.512120723724
6861.027899503708
6878.107824087143
6894.698577880859
6911.120428323746
6927.439288377762
6943.815549850464
6960.246616125107
6976.5444877147675
6992.857510566711
7009.201391458511
7025.562052726746
7042.095814228058
7058.689661026001
7075.00549530983
7091.574376106262
7108.109122753143
7124.361222028732
7140.315671205521
7156.939472198486
7173.544780254364
7189.882862567902
7206.6751101017
7223.342292308807
7240.15150475502
7256.978071451187
7273.558585166931
7289.885593414307
7306.311289072037
7322.396361112595
7339.030997037888
7355.578902244568
7372.053568601608
7389.022012233734
7405.427499055862
7421.470891237259
7437.79251742363
7454.475734472275
7470.954291343689
7487.875581741333
7504.226325750351
7520.683129072189
7537.3467836380005
7554.019615888596
7570.4817979335785
7587.102185726166
7604.752994775772
7621.313918590546
7637.898658752441
7654.515722513199
7670.78861451149
7687.204790353775
7703.838285684586
7720.319680929184
7737.11177277565
7753.825431108475
7770.431438446045
7786.839471578598
7803.387711763382
7819.930968284607
7836.631728887558
7853.8646874427795
7870.302552461624
7886.833035945892
7903.201653003693
7919.612375020981
7936.2938368320465
7952.687358379364
7969.683233499527
7986.380989789963
8002.867093324661
8019.319243431091
8035.898551940918
8052.2079792022705
8068.680392026901
8085.27473449707
8101.912868499756
8118.454337358475
8134.966437578201
8151.448030471802
8167.71546292305
8184.867721319199
8201.98408484459
8218.565263271332
8235.367742538452
8252.166605472565
8269.326827526093
8286.469474554062
8302.761890888214
8319.304349422455
8335.695134162903
8352.076996326447
8368.294875383377
8384.763679742813
8401.41456246376
8418.05798459053
8434.440717220306
8451.207665920258
8467.69281077385
8484.175356388092
8501.07385802269
8517.588169574738
8534.106007575989
8550.260145902634
8567.217134952545
8583.732608318329
8600.315453529358
8617.193206071854
8633.799712896347
8650.10606598854
8666.561696529388
8683.036098718643
8699.620738506317
8715.85004067421
8732.46038722992
8749.145305156708
8765.69860625267
8782.337885379791
8798.977742910385
8815.911315917969
8832.355413675308
8849.039679050446
8865.493674516678
8882.322788238525
8898.84839463234
8915.399113416672
8931.819504737854
8948.314554452896
8964.630913496017
8981.25947523117
8997.209398984909
9013.864527463913
9030.349133253098
9047.05262517929
9063.56188249588
9080.195237398148
9096.64645934105
9113.084485530853
9129.745094537735
9146.393439292908
9163.21263384819
9180.036353588104
9196.849295377731
9213.493821382523
9229.979646921158
9246.772918224335
9263.31389284134
9279.958807945251
9296.71301984787
9312.984190940857
9329.523488521576
9346.229310750961
9363.009444236755
9379.803943157196
9396.431641340256
9413.378520011902
9430.531240701675
9447.700863361359
9464.837866067886
9482.076446533203
9499.082706928253
9515.989760160446
9534.310664653778
9551.32211136818
9568.095020771027
9584.671501874924
9601.357595205307
9617.932837247849
9634.497097969055
9650.851564645767
9667.263474464417
9684.101983070374
9700.75405883789
9717.613272428513
9734.521752595901
9750.869805812836
9767.613370656967
9784.28518819809
9801.087319374084
9817.81202840805
9834.470656633377
9850.909902572632
9867.495563745499
9884.244258403778
9900.925202846527
9917.636541843414
9934.798154592514
9951.326549053192
9967.960107088089
9984.623664855957
10001.251508951187
10018.063238859177
10034.595614671707
10051.214536190033
10067.643949270248
10083.512792348862
10100.116414785385
10116.758861780167
10133.487908363342
10150.063732624054
10166.72889494896
10183.523864984512
10200.262974739075
10217.184566497803
10234.184656143188
10250.97769331932
10267.668913125992
10284.187574148178
10300.229000329971
10316.762220621109
10333.189917325974
10349.855723381042
10366.35078716278
10383.453018188477
10399.98497414589
10416.540944099426
10433.560785770416
10450.284308433533
10467.95425438881
10484.48872423172
10501.318283557892
10518.24251484871
10534.77356004715
10551.580666542053
10567.94915151596
10584.673971652985
10601.258222103119
10618.139342784882
10634.89872097969
10651.1917386055
10667.869627714157
10684.423774242401
10701.07371354103
10717.657974720001
10734.70489859581
10751.397938489914
10768.142831087112
10785.170254707336
10802.04327917099
10818.69289779663
10835.228266000748
10851.904202461243
10868.12549161911
10884.484072208405
10901.334208250046
10918.026493787766
10934.451624393463
10951.110483169556
10968.190652608871
10984.839246749878
11001.541384935379
11018.453223466873
11035.175762176514
11052.044349193573
11068.257058858871
11085.281893968582
11102.219705820084
11119.018060922623
11135.56201004982
11152.741611242294
11169.64203953743
11186.35320854187
11203.44491648674
11220.83795785904
11237.82456278801
11254.581137657166
11271.34758234024
11288.034315347672
11305.10579609871
11321.691418886185
11338.26082777977
11355.052238225937
11372.555055141449
11389.34554696083
11406.336079120636
11422.939596652985
11439.809972047806
11456.145701646805
11472.952047109604
11489.787408590317
11506.55202293396
11523.502298355103
11540.266123533249
11557.25236582756
11574.113728284836
11590.554413557053
11607.509086847305
11624.351445674896
11641.449741363525
11658.32447218895
11675.200276613235
11692.465139627457
11709.06391119957
11724.4425842762
11741.16888833046
11757.700207710266
11774.325184106827
11791.110626935959
11807.748311519623
11824.406118392944
11841.17337179184
11857.576069831848
11874.387695074081
11890.915820598602
11907.739614963531
11924.37068104744
11941.608611822128
11958.286191225052
11975.270863056183
11991.746083021164
12008.432028532028
12025.327957391739
12042.248846054077
12059.151980876923
12076.1950340271
12093.002404928207
12109.600021600723
12126.45647573471
12142.987519025803
12159.961565971375
12176.555561304092
12193.474875688553
12210.020719766617
12226.463240146637
12242.597390890121
12259.565637350082
12276.52313709259
12293.581775903702
12310.482627391815
12327.525595903397
12344.134449005127
12361.292077064514
12377.84673833847
12393.482873678207
12410.256338119507
12427.100313663483
12443.760404586792
12460.50940990448
12477.216179847717
12493.530707836151
12510.267048358917
12526.930478572845
12543.748723268509
12560.208397626877
12577.575099945068
12596.0415122509
12612.894273519516
12629.634106636047
12646.39235496521
12662.92077088356
12679.607614517212
12696.42354631424
12712.830048561096
12729.132884263992
12746.174179077148
12762.8646402359
12779.830252170563
12796.696386098862
12813.277819871902
12829.985232591629
12846.887849330902
12863.900572061539
12880.613201379776
12897.392875909805
12914.187353610992
12930.851603269577
12947.346318483353
12964.272725105286
12981.286904096603
12998.792880535126
13015.733979463577
13032.534570455551
13049.341632843018
13066.374716043472
13083.489963054657
13100.591100692749
13117.222132444382
13133.939061641693
13150.619143247604
13167.167027235031
13183.905362606049
13200.435992479324
13217.75072312355
13234.936002254486
13252.043224573135
13269.573374032974
13286.534302711487
13303.52037358284
13320.370262622833
13337.455562353134
13354.043511390686
13370.630764007568
13387.2013733387
13403.76969575882
13420.584631443024
13437.335495471954
13454.282316446304
13471.120711803436
13488.008415699005
13504.63296842575
13521.846407175064
13538.550698041916
13555.295804738998
13572.038124322891
13588.759503602982
13605.410954475403
13622.428713798523
13639.32943367958
13655.648701190948
13672.377641439438
13689.018407821655
13705.945013284683
13722.58617734909
13739.194732427597
13755.884160041809
13772.518266677856
13789.17751955986
13805.767882585526
13822.723076820374
13839.874542474747
13856.734209775925
13873.077768564224
13889.859327316284
13907.371346235275
13924.47775220871
13941.561651945114
13958.393040895462
13975.154548168182
13991.84873843193
14008.883949041367
14025.647522449493
14042.676106214523
14059.773616552353
14077.616173028946
14094.041993379593
14110.96806883812
14127.557832479477
14144.424041509628
14161.216744184494
14177.941364049911
14194.881660223007
14212.077394723892
14228.721011400223
14245.570199012756
14262.0338742733
14278.718475818634
14295.44951224327
14312.193643331528
14329.184679031372
14346.364918231964
14363.425436019897
14380.217219114304
14397.51559138298
14414.299870967865
14431.048105716705
14447.89675116539
14464.702654361725
14481.709233283997
14498.540369272232
14514.762738466263
14531.340540647507
14547.925997018814
14564.542860269547
14581.53077507019
14598.414083242416
14615.317464113235
14632.056489944458
14649.39081788063
14666.235415935516
14683.261944532394
14699.77679347992
14716.037606239319
14732.678038358688
14749.977892160416
14766.342233181
14783.647122859955
14800.57590007782
14818.03478193283
14835.263827085495
14852.285857439041
14869.27179980278
14885.790658473969
14902.749840021133
14919.651470661163
14936.513726949692
14953.469448328018
14970.476677656174
14987.585125207901
15004.146961450577
15021.129405736923
15038.089878797531
15055.443665742874
15072.462225198746
15089.102923631668
15106.401725769043
15123.014257669449
15141.880685329437
15158.522123098373
15175.365263223648
15192.54063987732
15209.606536149979
15226.660638332367
15243.644853115082
15259.938366413116
15276.779087305069
15293.874341726303
15310.573278188705
15327.54683971405
15344.864821910858
15361.591198682785
15378.492829799652
15395.450328826904
15412.296788930893
15429.006053209305
15446.140146970749
15462.644223451614
15478.943122148514
15495.681275606155
15512.734052658081
15529.588398218155
15546.104717969894
15562.79169011116
15579.579526424408
15596.50004196167
15613.469878435135
15630.51507639885
15647.40287399292
15664.110296964645
15680.998178720474
15697.915221452713
15714.596576452255
15731.684515714645
15749.230858325958
15766.324916124344
15783.426032543182
15800.076581954956
15816.516804933548
15833.200639009476
15849.747130393982
15866.999160289764
15883.742433071136
15900.773010015488
15917.613373041153
15934.74001789093
15951.49422287941
15968.040648460388
15984.881438970566
16001.608583450317
16018.513686656952
16035.412377357483
16052.459141254425
16069.612054347992
16086.328284740448
16103.074328422546
16119.842328310013
16136.954006910324
16154.08062839508
16170.836985588074
16187.690637588501
16204.800201177597
16221.67687535286
16238.917694568634
16255.708235263824
16272.390365123749
16289.222493648529
16306.023035764694
16322.931084871292
16339.724172353745
16356.593168020248
16373.262156248093
16390.024185419083
16406.726271629333
16424.062186717987
16440.817363977432
16457.598667621613
16474.231581687927
16491.443537950516
16508.134417295456
16525.014806747437
