1.0912971496582031
10.192367553710938
19.897984266281128
31.726444482803345
42.34651780128479
53.14138865470886
63.295331954956055
74.08356142044067
84.36528015136719
95.25957655906677
105.51631903648376
115.5564615726471
124.62269854545593
134.9402675628662
147.19298887252808
160.1667037010193
171.07243061065674
181.40823125839233
190.82427191734314
200.20265102386475
209.80023670196533
219.26940965652466
228.8115336894989
238.05805039405823
247.78883504867554
257.51486802101135
266.8949809074402
276.29946756362915
285.96816062927246
295.54187393188477
304.8407907485962
314.0346164703369
323.360143661499
333.1146557331085
342.257271528244
351.58132910728455
361.11585330963135
370.42092537879944
379.704642534256
389.5689287185669
398.7699239253998
407.9560880661011
417.41386103630066
427.1615695953369
436.4313449859619
445.69665002822876
455.69653964042664
465.4224545955658
475.1183180809021
484.57492184638977
493.9274504184723
503.32254552841187
513.004397392273
522.5900032520294
532.1036789417267
541.6185266971588
551.0302407741547
560.4376513957977
569.4854543209076
578.9891703128815
588.5594682693481
597.6064441204071
607.3371744155884
616.824948310852
626.1752171516418
635.7053380012512
645.3170645236969
654.6738250255585
663.9599766731262
673.7627370357513
683.3848478794098
693.0927057266235
702.7154583930969
712.1444227695465
721.4470958709717
730.6619555950165
739.9031865596771
749.1726489067078
759.3827748298645
769.1396210193634
778.799154996872
788.3888764381409
798.1074633598328
807.7755999565125
817.3270628452301
826.8989453315735
836.2277183532715
845.6279966831207
855.2526178359985
864.7409541606903
874.2166266441345
883.782066822052
893.5663859844208
903.2416257858276
912.3745412826538
921.7652876377106
931.4014117717743
940.729590177536
950.2475864887238
960.113810300827
970.1424400806427
979.4395649433136
988.6491711139679
997.9664657115936
1007.298490524292
1016.8270871639252
1026.2138857841492
1035.8144056797028
1045.2856693267822
1055.221219778061
1064.7417163848877
1074.29083943367
1083.9898281097412
1093.481238603592
1103.1356875896454
1112.3663744926453
1121.6987001895905
1132.30206656456
1141.908259153366
1151.50159740448
1161.0904562473297
1170.7735769748688
1180.329591035843
1189.5182619094849
1198.6680467128754
1207.8062262535095
1217.4371118545532
1226.686823606491
1236.2179832458496
1245.7545175552368
1254.9852533340454
1264.507838010788
1273.9935021400452
1283.3321511745453
1292.964738368988
1302.4984889030457
1312.077222585678
1321.2890372276306
1330.6158516407013
1339.9474468231201
1349.1926202774048
1359.042311668396
1368.423785686493
1377.597050189972
1386.8870873451233
1396.445565700531
1405.9278478622437
1415.5044136047363
1425.265688419342
1434.896549463272
1444.7405331134796
1454.2883718013763
1463.6709916591644
1473.2482142448425
1482.9462122917175
1492.782104730606
1502.1230025291443
1511.7122416496277
1521.1924786567688
1530.3810868263245
1539.6405017375946
1549.0891652107239
1557.9711570739746
1567.5239448547363
1576.9410614967346
1586.1882588863373
1595.772614955902
1605.0819022655487
1614.6021196842194
1624.004727602005
1633.6628518104553
1643.167117357254
1652.5864338874817
1662.024599313736
1671.2522633075714
1680.4785537719727
1690.1586039066315
1699.3182399272919
1708.4608211517334
1717.7483086585999
1727.426020860672
1736.6777484416962
1746.0578727722168
1755.7136509418488
1764.8462817668915
1774.1688210964203
1783.5845258235931
1793.1524074077606
1802.320148229599
1811.843784570694
1821.3054068088531
1830.68528342247
1841.0706088542938
1850.979329586029
1860.457505941391
1870.1415436267853
1879.5989611148834
1889.1345586776733
1899.0043172836304
1908.5696821212769
1918.0545740127563
1927.7684211730957
1937.349977016449
1946.9100277423859
1956.4059433937073
1966.1877863407135
1975.8576936721802
1985.6072990894318
1994.948572397232
2004.4659962654114
2014.2723333835602
2023.3750050067902
2032.8094463348389
2042.1170909404755
2051.6668672561646
2061.1668004989624
2070.480753660202
2080.1109976768494
2089.7266449928284
2099.361899137497
2108.7642929553986
2118.039070367813
2127.5945546627045
2137.0137860774994
2146.5328431129456
2156.001571416855
2165.182459831238
2174.5004546642303
2183.775127887726
2193.162127971649
2202.5305683612823
2212.1214275360107
2221.555153131485
2231.020170211792
2240.466995716095
2250.071825027466
2260.424932718277
2270.1079890727997
2279.3090336322784
2288.7878968715668
2298.230623960495
2307.9561438560486
2317.5695431232452
2327.6567311286926
2337.1708533763885
2347.022319793701
2356.53312087059
2365.8384511470795
2375.4768612384796
2385.258185863495
2394.83856344223
2404.3613290786743
2413.629457473755
2423.3891751766205
2433.2915053367615
2442.639499902725
2452.1381356716156
2461.7237434387207
2471.4617233276367
2480.857392311096
2490.3526117801666
2499.656032562256
2509.1253097057343
2518.6312267780304
2528.156309604645
2537.1344077587128
2546.7650413513184
2556.9829621315002
2566.7237045764923
2576.316946744919
2586.0174663066864
2595.8415734767914
2605.3339323997498
2614.8251135349274
2624.1895685195923
2633.7617993354797
2643.1357107162476
2652.697390794754
2662.298248767853
2671.9746236801147
2681.439058303833
2690.913805961609
2700.0034160614014
2709.4778978824615
2719.0738005638123
2728.4707860946655
2737.785698413849
2746.8670794963837
2756.924058675766
2766.240525007248
2775.860842704773
2785.4363446235657
2795.1884129047394
2804.4291348457336
2814.0051317214966
2823.4832186698914
2833.1977112293243
2842.691725254059
2852.295735359192
2861.7861289978027
2871.267254114151
2880.7328958511353
2890.2968006134033
2899.754641532898
2909.2824716567993
2918.66951751709
2927.937956094742
2937.213346719742
2946.771218776703
2956.49040555954
2966.240056037903
2975.7722384929657
2985.2867612838745
2994.522720336914
3004.0622868537903
3013.494936943054
3023.17192196846
3032.562037706375
3042.3218188285828
3051.929237127304
3061.7095682621
3071.000202178955
3080.723128795624
3090.1343228816986
3099.7691283226013
3109.846735239029
3119.376481294632
3128.6965544223785
3138.5755615234375
3148.532100200653
3158.240089416504
3168.093574285507
3177.577385902405
3187.086636543274
3196.6043615341187
3206.044124364853
3215.6135771274567
3224.978275537491
3234.3868873119354
3243.9537484645844
3253.4465913772583
3262.647668361664
3271.948994398117
3281.2967438697815
3290.939872741699
3300.481896877289
3310.081815481186
3319.361361503601
3328.773107767105
3338.3705904483795
3347.7116272449493
3357.0909221172333
3366.512456893921
3376.1222105026245
3385.6954050064087
3394.961670398712
3404.358551502228
3413.8692049980164
3423.5423345565796
3432.6731464862823
3442.3195164203644
3451.891026496887
3461.3144862651825
3470.9995753765106
3480.3901917934418
3490.9962043762207
3502.5920391082764
3514.2105960845947
3523.634937763214
3532.975980758667
3542.7968125343323
3552.371264219284
3561.752171278
3571.2654614448547
3581.0408279895782
3590.163477420807
3600.0438344478607
3609.7706077098846
3619.1435198783875
3628.6638510227203
3638.046433210373
3648.262407064438
3658.095589876175
3667.748552799225
3677.749624967575
3687.2848329544067
3697.0010194778442
3706.408770799637
3716.068151950836
3725.69265127182
3735.2093892097473
3744.710990190506
3754.407125234604
3764.265033006668
3773.6043865680695
3783.3948945999146
3793.844146490097
3803.2772188186646
3812.8942363262177
3822.4121725559235
3832.0468056201935
3841.470526456833
3851.1281316280365
3860.6418647766113
3870.2785432338715
3880.0234105587006
3889.6663846969604
3898.6420669555664
3907.721624851227
3917.0929141044617
3926.176094055176
3935.7278566360474
3944.948008775711
3954.1989719867706
3963.5217156410217
3972.9295420646667
3982.305272102356
3992.2319161891937
4001.880206823349
4011.34925866127
4020.924994945526
4030.0296816825867
4040.0264978408813
4050.002359867096
4059.359524011612
4069.1192536354065
4078.6269302368164
4088.036411523819
4097.22825717926
4106.6071655750275
4116.074899673462
4125.271322727203
4134.734152317047
4144.372677326202
4153.599897861481
4163.016978502274
4172.453149318695
4181.792793273926
4191.191162109375
4200.863003253937
4210.7722907066345
4220.493171215057
4230.410541057587
4239.639715909958
4249.129404067993
4259.109980344772
4269.109270572662
4278.5159866809845
4287.87789607048
4297.648703575134
4307.131997823715
4316.6009929180145
4326.458322525024
4336.611152172089
4345.90953874588
4355.9097032547
4365.384525299072
4375.340694665909
4384.776839256287
4394.381837129593
4403.787156820297
4413.417571306229
4423.072936058044
4433.0617842674255
4443.173868656158
4452.521216630936
4461.858239412308
4471.071048259735
4480.980723142624
4490.646108627319
4499.991401433945
4509.546228885651
4518.873145341873
4528.239763021469
4537.55529999733
4547.048126220703
4556.519844055176
4566.378844261169
4576.0959396362305
4585.688234567642
4595.240869283676
4604.982716560364
4614.557353019714
4624.039093255997
4633.553311109543
4643.137542009354
4652.2759029865265
4661.782858848572
4671.166685342789
4680.457647562027
4690.380257606506
4700.103966474533
4709.723175764084
4719.160626411438
4728.5279812812805
4737.875864028931
4747.352398633957
4756.892095565796
4766.565446138382
4776.021020412445
4785.646993637085
4795.0348579883575
4804.130772352219
4814.099605560303
4823.433527708054
4833.023260116577
4842.486357688904
4851.5645961761475
4861.069969654083
4870.346625089645
4879.879279851913
4889.731500148773
4899.4180364608765
4909.341142177582
4919.112290620804
4928.776361942291
4938.381142854691
4947.958471536636
4957.405156850815
4966.439487934113
4975.914062261581
4985.188766479492
4994.586672782898
5004.166325092316
5013.586717844009
5022.79597401619
5031.621652364731
5040.808376073837
5050.461495876312
5059.716118097305
5069.03756570816
5078.500930309296
5088.060539960861
5097.595078468323
5107.00802731514
5116.679757833481
5126.335915088654
5136.138121604919
5146.322159528732
5155.902968883514
5165.969446182251
5175.581796646118
5185.122203350067
5195.025821685791
5204.587768793106
5213.99667429924
5223.342638731003
5232.8251078128815
5242.181945562363
5251.670154571533
5261.231756448746
5270.755789279938
5280.181837558746
5289.938888788223
5299.406936645508
5308.8884744644165
5318.553128242493
5327.596786022186
5336.825239419937
5346.000738143921
5355.564471244812
5364.798375606537
5374.577264785767
5383.999236345291
5393.825309276581
5403.12867808342
5412.576652050018
5422.077750921249
5431.449943780899
5440.858638525009
5451.076674461365
5462.6793875694275
5474.137931585312
5485.779948234558
5497.358162879944
5509.036646366119
5520.371160268784
5531.782701730728
5543.30402636528
5554.358575105667
5565.753947019577
5576.299549102783
5585.692578315735
5595.138238668442
5604.351263046265
5614.120432853699
5623.265298843384
5632.799997806549
5642.07785153389
5651.768354415894
5660.898406267166
5670.6224772930145
5680.022805213928
5689.446741104126
5699.132086992264
5708.762901306152
5718.179494380951
5728.58040189743
5739.239365100861
5750.50404715538
5762.180867195129
5772.52407169342
5782.03147816658
5792.892772436142
5802.653872489929
5812.299406051636
5823.063978433609
5833.875410556793
5844.219529390335
5854.312517166138
5866.652766466141
5877.091395378113
5886.371956348419
5896.945944309235
5908.013626813889
5917.811144351959
5927.407945871353
5936.972243070602
5946.738211393356
5956.193638324738
5965.570298194885
5975.005599975586
5984.304788351059
5993.35128235817
6002.994383096695
6013.329966783524
6022.540610551834
6031.811819791794
6041.112367153168
6050.406906843185
6059.38322353363
6068.594269275665
6077.7826192379
6087.15669465065
6096.5755524635315
6105.81490445137
6115.239243268967
6124.784387111664
6134.04433631897
6143.500704050064
6152.984633207321
6162.652094125748
6172.177809000015
6181.625151395798
6190.942438840866
6200.230574846268
6209.734544038773
6218.864593267441
6228.258108854294
6237.483100414276
6246.561789751053
6256.211723566055
6265.66854596138
6274.708909988403
6284.317337274551
6293.837113142014
6303.72242641449
6313.209374427795
6322.2846574783325
6331.632352113724
6341.168056488037
6350.746511220932
6360.793879508972
6370.025084257126
6379.770880222321
6388.994411230087
6398.038628816605
6407.3147122859955
6416.645200252533
6425.819000005722
6435.081974744797
6444.670019388199
6453.774825334549
6463.340460538864
6472.881360530853
6482.114914655685
6491.297137737274
6500.427812576294
6510.06188082695
6519.288741827011
6528.945942401886
6538.294564008713
6547.607907533646
6556.884926557541
6566.132036685944
6575.254848241806
6584.503700733185
6593.914266109467
6603.320524454117
6612.73241353035
6622.225682735443
6631.656992197037
6640.884615659714
6650.316875457764
6659.763490200043
6668.760043382645
6678.040650606155
6687.139246702194
6696.048266887665
6706.2113354206085
6715.460242509842
6724.9631679058075
6734.415966033936
6743.278415441513
6752.644346237183
6761.914694786072
6771.613918066025
6781.050410032272
6790.268814325333
6799.386167049408
6809.044790029526
6818.452711820602
6827.681617736816
6837.270315885544
6846.59921836853
6855.920703411102
6865.348630905151
6874.818402290344
6883.599649190903
6892.8218359947205
6902.171272516251
6911.688350439072
6920.883260011673
6930.268872022629
6939.779768228531
6949.027685642242
6958.37940621376
6968.024219512939
6977.2122938632965
6987.065778255463
6996.25305056572
7005.531418085098
7014.740753650665
7023.86721944809
7033.491043329239
7042.903010368347
7052.2846076488495
7061.697002410889
7071.143912553787
7081.15977025032
7090.467120885849
7099.611212253571
7108.740222454071
7117.868453502655
7127.545042514801
7137.210870742798
7146.675005435944
7156.02357673645
7165.169521808624
7174.91441988945
7184.463348150253
7193.650880098343
7202.894072532654
7212.193798303604
7221.465276002884
7230.952783107758
7240.548557043076
7250.640407800674
7259.804318189621
7269.13557600975
7278.20201253891
7287.519597053528
7296.878462314606
7306.773020267487
7316.206369638443
7325.812205076218
7335.187328338623
7344.382589817047
7353.7925679683685
7363.610589265823
7373.041407823563
7382.244188785553
7391.812164783478
7401.115440368652
7410.642790079117
7420.012980461121
7429.502101659775
7439.453682899475
7448.476011753082
7457.764710187912
7467.216634988785
7476.703832387924
7486.291588306427
7495.1701402664185
7504.679804086685
7514.108961105347
7523.624099493027
7532.719784259796
7541.919246435165
7551.311711549759
7560.741823911667
7570.025341272354
7579.582322359085
7588.975671052933
7598.595640182495
7607.668075084686
7616.921976327896
7626.161906242371
7635.277537107468
7644.591886758804
7654.078590393066
7663.248217344284
7672.5580265522
7681.997562885284
7691.2115650177
7700.590627908707
7710.020753622055
7719.798465967178
7728.918796539307
7738.170534133911
7747.435581922531
7756.59147644043
7765.812597751617
7774.987929821014
7784.234649658203
7793.550225734711
7802.531314134598
7811.799416065216
7821.064016819
7829.924365520477
7839.156484603882
7848.87726020813
7858.287144899368
7867.466191768646
7877.042740106583
7886.352398633957
7895.736259698868
7904.905088186264
7914.539206266403
7923.7985508441925
7933.642081022263
7943.085146665573
7952.501558065414
7962.235366344452
7972.252429008484
7981.478070497513
7991.046367645264
8000.485575914383
8009.980732679367
8019.257396697998
8028.828239679337
8038.046867847443
8047.615394115448
8056.701622247696
8066.074697256088
8075.314137220383
8084.620500087738
8094.062581777573
8103.579470396042
8112.842744588852
8122.068527460098
8131.314292907715
8141.044253349304
8150.208233356476
8159.618182182312
8168.417329311371
8177.515100717545
8186.992229938507
8196.3874604702
8205.87850189209
8215.40969991684
8224.64392900467
8234.100044727325
8243.267859458923
8252.432853221893
8261.77704167366
8271.307814836502
8280.573997497559
8289.8180539608
8298.832596540451
8308.713989019394
8319.58235859871
8331.41466641426
8341.242065906525
8352.95633482933
8364.239896535873
8374.902828454971
8386.496591806412
8396.96044754982
8408.189454078674
8418.766951322556
8428.286470890045
8437.820910215378
8447.130983352661
8457.631804943085
8468.211363077164
8479.071278810501
8489.60296368599
8501.497611999512
8511.975756406784
8521.490141630173
8530.93181848526
8540.516420602798
8549.786564588547
8559.85537314415
8569.712273836136
8579.314443349838
8589.13323521614
8598.68555188179
8608.502843618393
8617.609734535217
8627.083941698074
