0.8171463012695312
7.695133924484253
14.9496009349823
21.717703342437744
29.222656726837158
36.438523054122925
43.74715852737427
50.843770027160645
57.92095446586609
65.15447545051575
71.87692379951477
79.42652249336243
87.06918621063232
94.22958707809448
101.11811661720276
108.41085314750671
115.59213352203369
123.00900745391846
129.88041162490845
136.98623299598694
144.382155418396
151.435049533844
158.68641209602356
166.01565051078796
173.42685985565186
180.71955227851868
187.8603584766388
194.9959876537323
202.43492126464844
209.72316908836365
216.7931113243103
223.99680352210999
231.3812539577484
238.65730381011963
246.28747749328613
253.56854152679443
260.8947913646698
268.14716815948486
275.37966752052307
282.88216066360474
290.5134696960449
297.8251736164093
305.07156682014465
312.59098649024963
320.101181268692
328.1529767513275
335.6508800983429
343.08097648620605
350.2546317577362
357.85120487213135
365.18544483184814
372.6805658340454
379.9595980644226
387.0765826702118
394.2801833152771
401.4643831253052
409.0895428657532
416.3314371109009
423.56726264953613
430.8247263431549
438.0157136917114
445.48376512527466
452.8008244037628
459.97428727149963
467.2699818611145
474.44310307502747
481.65007281303406
488.7124938964844
495.9773368835449
503.0024633407593
510.61361861228943
517.9737479686737
525.2707183361053
532.7554316520691
539.909325838089
547.3148083686829
554.6346209049225
561.9219646453857
569.231835603714
576.484224319458
583.8956344127655
591.1978342533112
598.4642994403839
605.7995562553406
612.943320274353
620.4486484527588
627.7935082912445
635.0852611064911
642.8173623085022
650.1705648899078
657.4295527935028
664.7291882038116
672.1975998878479
679.5107684135437
686.907392501831
694.0593357086182
701.3239033222198
708.8071620464325
716.2137362957001
723.6042935848236
730.7283487319946
737.8873267173767
745.3995363712311
752.7271099090576
760.2066645622253
767.5330491065979
774.9483613967896
782.2651827335358
789.433641910553
796.4189836978912
803.7350599765778
811.3693630695343
819.0759565830231
826.7142324447632
834.3029124736786
841.7470800876617
849.6781384944916
857.152750492096
864.4146862030029
873.1229882240295
881.1040551662445
889.2629373073578
896.5486624240875
904.0040442943573
911.3558645248413
919.15820479393
926.490371465683
933.8953595161438
941.1213593482971
948.6223657131195
956.195066690445
963.8437111377716
971.2357783317566
978.8990786075592
986.3407895565033
993.772383928299
1000.9930877685547
1008.5055208206177
1015.9218945503235
1023.1645159721375
1030.5648732185364
1037.9600296020508
1045.4921061992645
1052.9360127449036
1060.3582034111023
1067.6777591705322
1075.2024357318878
1082.5384743213654
1089.6677551269531
1097.0317904949188
1104.2953927516937
1111.612503528595
1119.178727388382
1126.535593032837
1134.114022731781
1141.157757282257
1149.2055113315582
1156.7043898105621
1164.163545370102
1171.6809146404266
1179.0774130821228
1186.4241569042206
1193.8003137111664
1201.1910185813904
1209.1312201023102
1216.531100511551
1224.4789021015167
1231.721261024475
1239.1825804710388
1246.6698310375214
1254.402404308319
1261.9069364070892
1269.2863128185272
1276.4313147068024
1284.0879490375519
1291.6851751804352
1299.0274662971497
1306.5169386863708
1313.922774553299
1321.6174380779266
1328.9406962394714
1336.2499225139618
1344.0343253612518
1351.3954582214355
1359.022100687027
1366.810700893402
1374.2009670734406
1381.8031392097473
1389.2643280029297
1396.6763663291931
1404.515239238739
1412.5170028209686
1420.1040561199188
1427.4501507282257
1434.788826227188
1442.1405174732208
1449.7364346981049
1457.7270777225494
1465.0472145080566
1472.4519760608673
1480.106746673584
1488.1854317188263
1495.908932685852
1503.8817162513733
1511.5150434970856
1519.1028316020966
1527.500030040741
1535.1812725067139
1542.5857768058777
1550.0347981452942
1557.4764885902405
1564.9081802368164
1572.5317559242249
1580.016887664795
1587.7884855270386
1594.9714150428772
1602.2031705379486
1609.6176595687866
1617.169531583786
1624.31498670578
1631.7021062374115
1639.1072840690613
1646.88161444664
1654.2680487632751
1662.548413515091
1670.5155596733093
1678.0585701465607
1685.4189946651459
1692.873931646347
1700.2909972667694
1707.7139973640442
1715.393919467926
1722.6820747852325
1730.4595561027527
1737.8479509353638
1745.173045873642
1752.7037823200226
1760.0750207901
1767.2015254497528
1774.6174573898315
1782.1167917251587
1789.6876142024994
1797.7117500305176
1805.1249797344208
1812.4419839382172
1819.776893377304
1827.449566602707
1835.0856354236603
1842.3462591171265
1849.9440252780914
1857.3798592090607
1865.0868952274323
1872.6421711444855
1880.0869407653809
1887.5323300361633
1895.1379323005676
1902.814031124115
1910.3625755310059
1917.784044265747
1925.6583569049835
1932.9475057125092
1940.271560907364
1947.5706248283386
1955.1365714073181
1962.6949064731598
1970.5306100845337
1978.1650269031525
1985.6088767051697
1993.0486843585968
2000.4020071029663
2007.709129333496
2014.9278028011322
2022.3492867946625
2029.602759361267
2036.8114726543427
2043.999345779419
2051.3692598342896
2059.3556764125824
2067.343572616577
2074.6900792121887
2081.975875377655
2089.4478969573975
2097.2411177158356
2104.5886421203613
2112.3467366695404
2119.975886106491
2127.291330575943
2134.878518342972
2142.6422111988068
2149.840431213379
2157.2462916374207
2165.0230832099915
2172.420093536377
2179.9341626167297
2187.424043416977
2195.22757935524
2202.671665430069
2209.9722740650177
2217.3905549049377
2224.7772789001465
2232.120346546173
2239.553250312805
2247.041321992874
2254.448921918869
2261.917993545532
2269.3028526306152
2276.941299676895
2283.945834875107
2291.0343313217163
2298.4941992759705
2305.755422592163
2312.8840119838715
2320.3951964378357
2327.7724392414093
2335.2894248962402
2342.6054322719574
2350.2978444099426
2357.6438777446747
2365.131298303604
2372.9663531780243
2381.02197766304
2389.178288459778
2397.6734166145325
2406.400746822357
2414.3013412952423
2422.1255900859833
2429.7310349941254
2437.2019395828247
2444.53812623024
2451.9698765277863
2459.71435880661
2467.1535189151764
2474.100912094116
2481.6620557308197
2489.0724172592163
2496.552191734314
2503.961410999298
2511.435404777527
2518.887374639511
2526.321227788925
2533.9306077957153
2541.2756333351135
2548.730526447296
2555.8363366127014
2563.3124606609344
2570.5666947364807
2577.9382045269012
2585.644855260849
2593.041037797928
2600.569893360138
2607.9450981616974
2615.3276484012604
2623.5446376800537
2630.76238656044
2638.435648918152
2646.234699487686
2653.7151889801025
2661.2013459205627
2668.877699613571
2676.3581671714783
2683.894346475601
2691.203936815262
2698.6604096889496
2706.0505101680756
2713.536013841629
2721.2243885993958
2728.6262969970703
2735.9979569911957
2743.4368047714233
2750.855270385742
2758.7062492370605
2766.314970254898
2773.7421882152557
2781.0662043094635
2788.3893065452576
2795.835104703903
2803.522292137146
2810.909173965454
2818.716840028763
2826.33376455307
2833.6357498168945
2841.2923674583435
2848.603539943695
2856.082869052887
2863.8996992111206
2870.9504284858704
2878.567395925522
2886.9302427768707
2895.7753806114197
2903.8401947021484
2911.3726840019226
2919.2411251068115
2927.200452566147
2935.088612318039
2943.1614034175873
2951.2123630046844
2959.2200515270233
2967.0985255241394
2974.670426130295
2982.309163093567
2990.0029153823853
2997.796904563904
3005.4436638355255
3013.2268817424774
3021.0564324855804
3028.852750301361
3036.4489064216614
3044.5620279312134
3052.123288154602
3060.672935962677
3068.248500108719
3075.6617674827576
3083.515926361084
3091.394718647003
3099.147132873535
3107.190656900406
3115.2214057445526
3123.652235031128
3131.6533708572388
3139.1985478401184
3146.675550222397
3154.478192806244
3162.620219707489
3170.751473903656
3178.721307039261
3186.587445497513
3194.475766181946
3202.0741794109344
3210.0744535923004
3217.811821460724
3225.7230439186096
3233.6606261730194
3241.5160717964172
3249.144176721573
3256.664622783661
3264.3722336292267
3272.5724148750305
3280.148112297058
3288.07644367218
3295.892475605011
3303.5966567993164
3311.3110885620117
3319.2540380954742
3326.9955360889435
3334.76292347908
3342.497663974762
3350.523601770401
3358.569746017456
3366.28307056427
3374.248877763748
3382.036393404007
3389.70121383667
3397.152400493622
3405.157190799713
3413.119078874588
3421.0589697360992
3429.0927810668945
3437.0339267253876
3444.8544125556946
3452.607145547867
3460.3561828136444
3468.157520055771
3476.079556941986
3483.755884170532
3491.8605630397797
3499.463918209076
3506.766673564911
3514.582137107849
3522.6224331855774
3530.231083393097
3537.92680311203
3545.639764547348
3553.4156591892242
3561.5029215812683
3569.4850466251373
3576.8748071193695
3584.8955483436584
3592.441838979721
3600.167840242386
3608.0595557689667
3615.78573179245
3623.3249278068542
3630.84170794487
3638.249129295349
3646.2759993076324
3654.150729417801
3662.0164597034454
3669.956418991089
3677.770304441452
3685.4541256427765
3693.524023771286
3701.4048743247986
3709.130630016327
3716.7820506095886
3724.4941840171814
3732.3763477802277
3740.2101912498474
3747.980295419693
3756.132228374481
3763.755720615387
3771.1990518569946
3779.1593384742737
3786.8568432331085
3794.701724290848
3802.572327375412
3810.3958880901337
3818.1514716148376
3825.8765892982483
3833.5064594745636
3841.249289751053
3849.068877696991
3857.217090845108
3864.8164603710175
3872.7695231437683
3880.459435939789
3888.242911338806
3896.4943149089813
3904.2991161346436
3912.2068197727203
3920.039883852005
3928.436850786209
3936.5072338581085
3944.4012925624847
3952.0590522289276
3959.767170906067
3967.4583899974823
3975.4353063106537
3983.1509730815887
3991.219515323639
3998.5716845989227
4006.299079179764
4014.1245124340057
4021.774762868881
4029.7515881061554
4037.4328887462616
4045.239253759384
4053.197774171829
4061.008584499359
4068.92236661911
4076.8265941143036
4084.6414289474487
4092.1732840538025
4100.226925849915
4108.158917188644
4115.558600664139
4123.19199514389
4131.172991514206
4138.786467790604
4146.498026847839
4154.5173416137695
4162.135682582855
4170.235115528107
4178.094293832779
4185.690687417984
4193.481653690338
4201.274768829346
4209.23611330986
4217.229975223541
4224.867124795914
4233.617463111877
4241.09139585495
4248.738083124161
4256.822554588318
4264.732460260391
4272.373214483261
4280.388972997665
4288.301705121994
4296.071137905121
4304.056707143784
4311.979851722717
4319.7730050086975
4327.663894891739
4335.150021314621
4343.142023563385
4350.7591388225555
4358.569900512695
4366.372892379761
4374.575398683548
4382.2590873241425
4390.072506427765
4397.901632070541
4405.330271959305
4413.146416187286
4420.914288759232
4428.90910077095
4436.7501745224
4444.751373291016
4452.411002397537
4460.278774261475
4468.3259954452515
4476.416547060013
4484.206775903702
4492.1487538814545
4499.948800563812
4507.979897022247
4515.863187789917
4523.540251255035
4531.290313243866
4539.235585689545
4546.931701898575
4554.81524348259
4562.573021411896
4570.132638692856
4577.811527252197
4585.610948085785
4593.509147882462
4601.272682189941
4609.162241220474
4616.996272325516
4625.038212060928
4632.984637975693
4640.49449968338
4648.5261907577515
4656.304262638092
4664.157108783722
4671.747782707214
4679.5363347530365
4687.095073699951
4694.9309277534485
4702.484088897705
4710.161966562271
4718.071486949921
4726.037202119827
4733.714395523071
4741.445259571075
4749.386788845062
4757.170061588287
4765.096908569336
4772.936729669571
4780.549783945084
4788.400999546051
4796.1208300590515
4803.992527484894
4811.424203872681
4819.341701030731
4826.990796089172
4834.684762477875
4842.451965093613
4850.543611288071
4858.204128265381
4865.971045017242
4873.979380369186
4881.721400022507
4889.592621803284
4897.66254067421
4905.650693893433
4913.58701300621
4922.160167694092
4929.792994022369
4937.404363632202
4945.092707157135
4952.835701942444
4960.580942392349
4968.229876756668
4976.105320692062
4984.03981423378
4991.796614646912
4999.758046388626
5007.689348697662
5015.6533308029175
5023.445036411285
5031.17032790184
5039.121575117111
5047.141054153442
5054.869554281235
5062.875375986099
5070.663617372513
5078.559229850769
5086.142061710358
5093.666533946991
5101.274111509323
5109.3477210998535
5118.17532324791
5126.800609588623
5135.1106169223785
5143.092075824738
5150.9517323970795
5158.991122484207
5166.767467498779
5174.818951129913
5182.603753089905
5190.338475704193
5198.17999958992
5205.643074512482
5213.43688249588
5221.21068239212
5228.758170127869
5236.383523464203
5244.989458560944
5252.9554262161255
5260.817673206329
5268.596895694733
5276.173891782761
5283.681056499481
5291.533354997635
5299.032629728317
5306.926078796387
5314.5898559093475
5322.241828918457
5330.192499399185
5337.968042850494
5345.549890041351
5353.149092435837
5361.1156458854675
5368.664316892624
5376.567215681076
5384.417645692825
5392.047499418259
5400.037438869476
5407.658512592316
5415.365236759186
5423.342118024826
5431.182880401611
5439.1653554439545
5446.795564651489
5455.011909484863
5462.929037809372
5470.737881422043
5478.5730175971985
5486.401920080185
5494.187785625458
5502.0038912296295
5509.905302524567
5517.626687288284
5525.208038806915
5533.136307001114
5541.086213350296
5548.860272407532
5556.6464121341705
5564.113292455673
5572.191565990448
5579.818892717361
5588.294580936432
5595.880752563477
5603.918948173523
5611.482514619827
5619.433170795441
5627.249104499817
5635.027795314789
5642.624286651611
5650.212236404419
5657.759756088257
5665.651071310043
5673.608611345291
5681.668413639069
5689.45481300354
5697.935840845108
5705.992208957672
5713.852657318115
5721.625426769257
5729.600807666779
5737.96288394928
5745.578953742981
5753.611904382706
5761.297323465347
5769.362931251526
5776.91148352623
5784.903936386108
5792.914856672287
5801.122622013092
5808.9931128025055
5816.53676366806
5823.861483097076
5831.349267482758
5838.86172246933
5846.8920912742615
5854.831259965897
5862.6256630420685
5870.458341836929
5878.46111869812
5886.294631481171
5893.85036945343
5901.810603380203
5909.907468795776
5917.85831618309
5925.906613111496
5933.802098274231
5942.029910087585
5949.577548503876
5957.579514980316
5965.510210514069
5973.305915117264
5981.676527261734
5989.397011995316
5997.053728818893
6004.8792905807495
6013.038521051407
6020.70027256012
6028.65514922142
6036.349931716919
6043.6705713272095
6051.367451667786
6059.211402177811
6067.228663921356
6074.871435880661
6082.570510387421
6090.3742933273315
6098.208115577698
6106.255640745163
6114.039779663086
6122.209133386612
6129.905507326126
6138.042766332626
6145.735667228699
6153.338042497635
6161.565319776535
6170.069483757019
6178.007632732391
6185.786688566208
6193.545031309128
6200.988088846207
6208.6946585178375
6216.492556095123
6224.206675052643
6232.184698343277
6240.157733440399
6248.32090139389
6256.181430578232
6264.273761510849
6271.92128944397
6279.9761872291565
6287.976674318314
6295.8056309223175
6303.905389070511
6311.952373504639
6319.692670345306
6327.755789279938
6335.262753009796
6342.756516933441
6350.499682426453
6358.4230444431305
6366.102418422699
6374.080443620682
6381.903009653091
6389.608887672424
6397.6171951293945
6405.36670923233
6412.947719812393
6420.8264791965485
6428.788563966751
6436.261588573456
6444.160501718521
6451.92865729332
6459.5256588459015
6467.130132675171
6474.96111869812
6482.746897935867
6490.514439344406
6498.193167448044
6505.969302892685
6513.758539915085
6521.731448888779
6529.838487148285
6537.53436923027
6545.283002376556
6553.425712823868
6560.986458301544
6568.93029499054
6576.828509807587
6584.5747973918915
6592.3857588768005
6600.684000015259
6608.3015723228455
6616.114174365997
6624.120852231979
6631.823813199997
6639.48496389389
6647.218862295151
6654.977071285248
6662.769408464432
6670.607577800751
6678.240846395493
6685.732729911804
6693.246532201767
6701.07026553154
6709.002173662186
6716.862510204315
6724.788229703903
6732.110228538513
6739.868830919266
6747.705675840378
6755.490897893906
6763.405790090561
6771.095315694809
6778.761115312576
6787.0232462883
6794.796910524368
6802.728058576584
6810.521686077118
6818.379781246185
6826.780048370361
6834.634218931198
6842.452920198441
6850.352564573288
6857.882016658783
6865.530958652496
6873.485745429993
6881.6896324157715
6889.731221914291
6897.204071044922
6905.314173936844
6913.412572145462
6921.086227655411
6928.665449142456
6936.111751794815
6943.9781584739685
6951.856867074966
6959.470401287079
6967.10192322731
6974.729286193848
6982.427477359772
6990.010147333145
6997.772431373596
7005.479771137238
7013.391825437546
7021.522021532059
7029.307301521301
7037.540579795837
7045.271040201187
7053.291631221771
7061.226083755493
7068.707295417786
7077.051119327545
7084.929740667343
7092.459836006165
7100.252011537552
7107.995257139206
7115.892450332642
7123.80345249176
7131.784564733505
7139.851913928986
7147.817208528519
7155.643642902374
7163.563759326935
7171.3564665317535
7179.162757873535
7186.974483728409
7194.815411806107
7202.229556560516
7210.11409163475
7218.116003751755
7225.863410711288
7233.463032960892
7240.993916749954
7249.059841394424
7256.63076710701
7264.808171987534
7272.860174417496
7280.779517650604
7288.476142406464
7296.269378185272
7304.171002626419
7311.94236946106
7319.811926364899
7327.663545370102
7335.314471006393
7342.7522666454315
7350.598963022232
7358.448743343353
7366.002246618271
7373.648769378662
7381.195933580399
7389.207043647766
7397.120837211609
7404.810759782791
7412.811532974243
7420.4780304431915
7428.379511117935
7436.335593700409
7444.200266838074
7451.765856027603
7459.588336467743
7467.600724220276
7475.582063436508
7483.681869983673
7491.5018701553345
7499.356154680252
7507.212600708008
7515.248729944229
7522.767125368118
7530.772351503372
7538.891330718994
7546.653925895691
7554.505064725876
7562.553696393967
7570.124214887619
7577.896704673767
7585.63228559494
7593.264343261719
7601.189689397812
7609.096407175064
7616.985437631607
7624.773012161255
7632.826820611954
7640.681017398834
7648.5540363788605
7656.589733123779
7664.377135276794
7672.463796377182
7680.3321714401245
