0.8310637474060059
5.5403501987457275
10.739059925079346
16.235867261886597
21.760744094848633
27.59851861000061
33.39465689659119
38.670233488082886
43.8055956363678
48.95586085319519
54.10211491584778
59.18572425842285
64.38655257225037
69.52617335319519
74.74225902557373
79.89274430274963
85.10487484931946
90.34672951698303
95.52164340019226
100.71453952789307
105.82633185386658
110.92281460762024
116.10793495178223
121.25819110870361
126.38779854774475
131.62105989456177
136.75713109970093
141.93116235733032
147.15782356262207
152.66865253448486
157.99223518371582
163.1524932384491
168.3531723022461
173.46953582763672
178.67948842048645
183.9400498867035
189.1398904323578
194.41167163848877
199.6478385925293
204.85109996795654
210.03176832199097
215.2667694091797
220.4181387424469
225.6684319972992
230.88507914543152
236.11448979377747
241.30969095230103
246.47771048545837
251.6338496208191
256.7957766056061
262.01045966148376
267.31316471099854
272.519079208374
278.1400520801544
283.68652415275574
289.3173897266388
294.9854702949524
300.63032484054565
306.35482811927795
311.9938726425171
317.849396944046
323.82434368133545
330.07912826538086
335.85230588912964
341.514741897583
347.318240404129
353.10944724082947
358.80992436408997
364.48524165153503
370.1198761463165
375.7933757305145
381.55693531036377
387.52435398101807
393.1825222969055
399.1701307296753
404.86748814582825
410.75441884994507
416.39150309562683
422.03386521339417
427.6719539165497
433.30778193473816
439.09337997436523
444.82462191581726
450.51429295539856
456.2809913158417
461.8914728164673
467.54984045028687
473.27420473098755
479.0031940937042
484.53958463668823
490.42058753967285
496.07204413414
501.7796220779419
507.7034628391266
513.4614262580872
519.0872616767883
524.7517728805542
530.5189323425293
536.2399461269379
541.7999143600464
547.6142563819885
553.327005147934
559.0934920310974
564.864743232727
570.6108582019806
576.2422461509705
582.0151388645172
587.9457566738129
593.4970242977142
599.1876599788666
604.9278628826141
610.6248524188995
616.314914226532
622.0743052959442
627.740332365036
633.3707571029663
639.1057374477386
644.9036412239075
650.6793842315674
656.3877716064453
662.2353355884552
667.9166140556335
673.6829559803009
679.4008178710938
685.013813495636
690.7872669696808
696.491007566452
702.1393468379974
707.8075833320618
713.6969072818756
719.3260762691498
725.0401804447174
730.8267157077789
736.5903563499451
742.3262975215912
748.0951743125916
753.9400527477264
759.5967741012573
765.5320343971252
771.3478887081146
777.145665884018
782.820419549942
788.4571278095245
794.114328622818
799.9874482154846
805.6485664844513
811.4259173870087
817.1136801242828
822.7589399814606
828.6406192779541
834.3440401554108
840.0574486255646
845.9904222488403
851.7907779216766
857.6182267665863
863.6064393520355
869.5501918792725
875.3203790187836
880.9177725315094
886.465815782547
892.1538488864899
897.9236373901367
903.6126050949097
909.238029718399
915.0054266452789
920.6741955280304
926.2326419353485
932.0466094017029
937.7562036514282
943.5419461727142
949.1944644451141
954.7807011604309
960.5939898490906
966.3011677265167
972.1113381385803
977.7634806632996
983.5116865634918
989.1947710514069
994.7762560844421
1000.5315563678741
1006.2613198757172
1012.1325170993805
1017.8163006305695
1023.4165043830872
1030.1953015327454
1035.9771592617035
1041.6208474636078
1047.409836769104
1054.0031342506409
1059.6635041236877
1065.33096575737
1071.0562868118286
1076.7788894176483
1082.3745114803314
1087.9853265285492
1093.9782383441925
1099.7486879825592
1105.569519996643
1111.292377948761
1117.1364214420319
1122.8149254322052
1128.5358572006226
1134.2310123443604
1139.9666936397552
1145.614966392517
1151.531525850296
1157.2817430496216
1163.0604157447815
1168.9325950145721
1174.614177942276
1180.3895852565765
1186.0294842720032
1191.6670405864716
1197.467988729477
1203.341551542282
1209.099187374115
1214.940150976181
1220.8334109783173
1226.5409421920776
1232.208436012268
1238.2392711639404
1243.8494536876678
1249.5852272510529
1255.4214415550232
1261.1107332706451
1266.8929841518402
1272.6438019275665
1278.4382359981537
1284.2224340438843
1289.9493160247803
1295.6400163173676
1301.346937417984
1307.0974130630493
1312.7607107162476
1318.618489265442
1324.2853407859802
1330.1079697608948
1335.865103006363
1341.5969219207764
1347.3292570114136
1353.0143518447876
1358.7272992134094
1364.4147653579712
1370.140305519104
1375.9069015979767
1381.6083252429962
1387.267009973526
1392.997398853302
1398.6908946037292
1404.5576026439667
1410.2901034355164
1416.0324709415436
1422.0195384025574
1427.656483888626
1433.2769849300385
1439.0517838001251
1444.9389984607697
1450.5651533603668
1456.1297307014465
1461.8299276828766
1467.5361166000366
1473.2816026210785
1479.141065120697
1484.8043234348297
1490.4235351085663
1496.1697235107422
1501.9664690494537
1507.7136662006378
1513.4527876377106
1519.2073097229004
1524.9341833591461
1530.7856903076172
1536.608413696289
1542.3615596294403
1548.159873008728
1554.0866267681122
1559.8129649162292
1565.596090555191
1571.2504713535309
1577.0470962524414
1582.9411215782166
1588.6636803150177
1594.3779470920563
1600.1561393737793
1605.9965250492096
1611.8972623348236
1617.6131122112274
1623.3520946502686
1629.2328543663025
1634.987200498581
1640.7268662452698
1646.4591689109802
1652.0985918045044
1657.793604850769
1663.5386893749237
1669.3245923519135
1674.8756806850433
1680.7300064563751
1687.4508748054504
1693.2863409519196
1699.042589187622
1704.8358001708984
1710.633597612381
1716.2786493301392
1722.0841994285583
1727.827140569687
1733.536301612854
1739.2752594947815
1745.2020576000214
1750.9778673648834
1756.6026859283447
1762.3333504199982
1768.0082483291626
1773.6287608146667
1779.3495445251465
1785.041087627411
1790.6523513793945
1796.7808246612549
1802.8068854808807
1809.3111910820007
1815.4367697238922
1820.9655451774597
1826.3608260154724
1831.7274661064148
1837.050909280777
1842.3389167785645
1847.663104057312
1853.0056104660034
1858.2398352622986
1863.5218262672424
1868.800190448761
1874.0380113124847
1879.5543584823608
1884.8329274654388
1890.0725557804108
1895.3701136112213
1900.6671760082245
1905.9061851501465
1911.241185426712
1916.4653761386871
1921.622402191162
1926.880455493927
1932.1399538516998
1937.4244391918182
1942.6176571846008
1947.9538924694061
1953.3491225242615
1958.5567893981934
1963.8068323135376
1968.9239134788513
1974.2586467266083
1979.545565366745
1984.722514629364
1989.9796888828278
1995.318392276764
2000.5455012321472
2005.742939710617
2010.9595963954926
2016.2105629444122
2021.5007908344269
2026.698691368103
2031.9498496055603
2037.0774636268616
2042.2506983280182
2047.505167722702
2052.741878271103
2058.1335015296936
2063.382828950882
2068.59352684021
2073.8208684921265
2079.004592180252
2084.261910200119
2089.5635335445404
2094.824359893799
2100.0349490642548
2105.5163650512695
2110.72159409523
2115.8567473888397
2121.107865333557
2126.2224447727203
2131.626692533493
2136.82496714592
2142.1141500473022
2147.3599796295166
2152.5178899765015
2157.7124602794647
2162.8729569911957
2168.103543281555
2173.347972393036
2178.573356628418
2183.7733430862427
2189.0307943820953
2194.2895476818085
2199.5115785598755
2204.693572998047
2210.021550655365
2215.210659980774
2220.4578280448914
2225.582351207733
2230.7631838321686
2235.9492337703705
2241.0219383239746
2246.27117061615
2251.4112646579742
2256.590098619461
2261.84317111969
2267.091171503067
2272.3081748485565
2277.581025123596
2282.842541217804
2288.0083332061768
2293.1888256073
2298.43315243721
2303.576602458954
2308.805304288864
2314.1050918102264
2319.267571210861
2324.480946779251
2329.645655632019
2335.0147681236267
2340.285624742508
2345.5519695281982
2350.9058182239532
2356.0953974723816
2361.299216747284
2366.5119094848633
2371.768977880478
2377.0302991867065
2382.2001655101776
2387.3578963279724
2392.503291130066
2397.704090118408
2402.984258413315
2408.1710181236267
2413.4567289352417
2418.7035567760468
2423.9347681999207
2429.2091977596283
2434.3692259788513
2439.6726458072662
2444.9088780879974
2450.1313421726227
2455.310029745102
2460.4599134922028
2465.7075452804565
2471.0297667980194
2476.2105901241302
2481.3874876499176
2486.5329632759094
2491.79749751091
2496.9646043777466
2502.196731567383
2507.3843965530396
2512.6593668460846
2517.8780705928802
2523.067004919052
2528.3020548820496
2533.446855068207
2538.6896834373474
2543.933849811554
2549.1059708595276
2554.3410952091217
2559.626240968704
2564.80837726593
2569.9959387779236
2575.1372344493866
2580.3166377544403
2585.500241756439
2590.7196776866913
2596.0045504570007
2601.1748440265656
2606.291880607605
2611.4591352939606
2616.581934452057
2621.851006269455
2627.0449278354645
2632.3389217853546
2637.5945382118225
2642.733696460724
2647.9979140758514
2653.1552612781525
2658.419139146805
2663.707794189453
2669.047784805298
2674.311041355133
2679.4978342056274
2684.6409544944763
2689.9569022655487
2695.3157029151917
2700.6912195682526
2705.8562293052673
2711.07883644104
2716.2510707378387
2721.563222169876
2726.7261044979095
2731.965947151184
2737.1358613967896
2742.326528787613
2747.5151085853577
2752.7413692474365
2757.91135931015
2763.1195871829987
2768.394646883011
2773.604649066925
2778.8190314769745
2784.105399131775
2789.324287891388
2794.4634342193604
2799.556883096695
2804.7001616954803
2809.891257762909
2815.0050733089447
2820.2206797599792
2825.430188894272
2830.6145420074463
2835.835549354553
2841.099706888199
2846.299787759781
2851.469744205475
2856.736473798752
2861.953852415085
2867.1685388088226
2872.551686525345
2877.739464521408
2883.0260713100433
2888.332483768463
2893.753627538681
2899.0317282676697
2904.2655148506165
2909.5250523090363
2914.844078063965
2920.03892326355
2925.162983894348
2930.428498983383
2935.54443025589
2940.734559059143
2945.9088685512543
2951.161112308502
2956.304687023163
2961.568363428116
2966.8197412490845
2972.0726063251495
2977.2698266506195
2982.623830795288
2987.894968032837
2993.1690328121185
2998.357168197632
3003.7683391571045
3008.9612095355988
3014.2414286136627
3019.5982275009155
3024.8350100517273
3030.083959341049
3035.2247824668884
3040.438727378845
3045.60036945343
3050.8045632839203
3055.959555387497
3061.1387095451355
3066.4880645275116
3071.6688454151154
3076.9081230163574
3082.1575236320496
3087.3249027729034
3092.475110054016
3097.7688777446747
3102.955446958542
3108.076483488083
3113.4041583538055
3118.7368075847626
3123.9673824310303
3129.177752017975
3134.370377063751
3139.513069629669
3144.7173144817352
3149.886251926422
3155.0515716075897
3160.3017461299896
3165.5980927944183
3170.789391517639
3176.0634291172028
3181.4241535663605
3186.612462043762
3191.8657417297363
3197.1178460121155
3202.3903868198395
3207.614222764969
3212.7725479602814
3217.983911752701
3223.20227599144
3228.347831726074
3233.6038734912872
3238.838779449463
3244.0317265987396
3249.188451766968
3254.6068563461304
3259.7587020397186
3265.1297178268433
3270.31010055542
3275.5121648311615
3280.6567401885986
3285.856721162796
3291.0535819530487
3296.390393257141
3301.534268140793
3306.773731946945
3311.944581747055
3317.1925365924835
3322.4146358966827
3327.511545419693
3332.7450563907623
3337.9545686244965
3343.147791624069
3348.392674446106
3353.6584465503693
3358.7798862457275
3363.932690143585
3369.1081280708313
3374.313252687454
3379.415200471878
3384.684417486191
3389.8938829898834
3395.0877933502197
3400.2787098884583
3405.6075670719147
3410.882970094681
3416.2561490535736
3421.474383354187
3426.7804095745087
3432.0116617679596
3437.2284893989563
3442.3654356002808
3447.5333383083344
3452.8408613204956
3458.159114599228
3463.3875880241394
3468.6392986774445
3473.7839641571045
3479.008332967758
3484.3094761371613
3489.496995449066
3494.6961102485657
3500.0325548648834
3505.2294476032257
3510.57576751709
3515.672547340393
3520.93012881279
3526.2119545936584
3531.4730439186096
3536.6486270427704
3541.891657590866
3547.156185388565
3552.390903234482
3557.5452728271484
3562.7724018096924
3567.9217307567596
3573.2200751304626
3578.3206899166107
3583.762576818466
3589.07129573822
3594.2756724357605
3599.497740507126
3604.784511566162
3609.936676502228
3615.17848443985
3620.3653542995453
3625.5577297210693
3630.7676873207092
3635.951558828354
3641.1372804641724
3646.342520713806
3651.694708108902
3656.7788887023926
3661.8644530773163
3667.2731654644012
3672.4837918281555
3677.8412079811096
3683.1125934123993
3688.2819924354553
3693.3654429912567
3698.656676530838
3703.98188328743
3709.3459510803223
3714.5575683116913
3719.83438372612
3725.0345067977905
3730.305603504181
3735.5670487880707
3740.7600054740906
3746.0139904022217
3751.490446329117
3756.6815989017487
3761.918541908264
3767.2311012744904
3772.433723449707
3777.7411477565765
3782.921032190323
3788.16792178154
3793.597652196884
3798.7931797504425
3804.0383491516113
3809.3248019218445
3814.438158273697
3819.6376893520355
3824.7958810329437
3830.0515100955963
3835.286576271057
3840.429932117462
3845.5846602916718
3850.810005426407
3855.988669395447
3861.1846809387207
3866.49347615242
3871.669233560562
3877.064836502075
3882.2851507663727
3887.6009001731873
3892.873516559601
3898.1304371356964
3903.376417160034
3908.685486793518
3913.8482842445374
3919.2898137569427
3924.567914247513
3929.795425415039
3935.0975546836853
3940.351113319397
3945.637575864792
3950.8792469501495
3956.272193670273
3961.5897035598755
3966.718206882477
3971.941169977188
3977.0214383602142
3982.198240995407
3987.445132255554
3992.531720638275
3997.928463935852
4003.1613714694977
4008.301771402359
4013.458798646927
4018.6919832229614
4023.872346162796
4029.158038377762
4034.3516960144043
4039.64350605011
4044.8347561359406
4050.219427585602
4055.3171441555023
4060.470254421234
4065.7652354240417
4071.106009244919
4076.3800008296967
4081.5240688323975
4086.818773984909
4092.0275914669037
4097.259334802628
4102.5123455524445
4107.683252811432
4112.931462049484
4118.13201212883
4123.388397932053
4128.681698799133
4133.858827352524
4139.046954393387
4144.2815062999725
4149.45104765892
4154.648213386536
4159.885956287384
4165.164891004562
4170.310703039169
4175.531211853027
4180.784038543701
4185.9685690402985
4191.1484661102295
4196.309581756592
4201.502936840057
4206.79167175293
4211.937395572662
4217.110002994537
4222.366537570953
4227.504305839539
4232.723566055298
4238.032866716385
4243.280539035797
4248.543648958206
4253.8365070819855
4259.023106098175
4264.329891204834
4269.64759850502
4275.025811433792
4280.275945663452
4285.493417978287
4290.673540592194
4295.8402371406555
4301.126470088959
4306.470947980881
4311.616492033005
4316.829306602478
4322.187995195389
4327.357137203217
4332.584407567978
4337.799377918243
4343.0739414691925
4348.358623743057
4353.551974058151
4358.811297416687
4363.998265743256
4369.187900304794
4374.322206020355
4379.435540676117
4384.689864397049
4389.792545080185
4395.1070737838745
4400.167595386505
4405.351200342178
4410.556386709213
4415.6925530433655
4420.941491603851
4426.033481359482
4431.2460815906525
4436.521311759949
4441.737166404724
4446.911732673645
4452.104434728622
4457.31756234169
4462.43039560318
4467.589421510696
4472.827139377594
4478.005838394165
4483.2180387973785
4488.5474598407745
4493.638666391373
4499.069906234741
4504.291953086853
4509.527634143829
4514.66104388237
4519.798616170883
4525.066423416138
4530.244400978088
4535.442480325699
4540.593513727188
4545.922487258911
4551.140509605408
4556.319067239761
4561.611201763153
4566.922935962677
4572.239117383957
4577.310363292694
4582.452842950821
4587.604019880295
4592.888644218445
4598.07746720314
4603.328665018082
4608.600239038467
4613.819242238998
4618.989050626755
4624.23640871048
4629.398765802383
4634.708664417267
4640.027055025101
4645.300244569778
4650.867133617401
4656.739567041397
4661.990306138992
4667.129331588745
4672.370895624161
4677.6335299015045
4682.906620502472
4688.109279870987
4693.469407558441
4698.709102153778
4704.0409870147705
4709.201628923416
4714.407814741135
4719.569645404816
4724.758712768555
4729.930998325348
4735.133845329285
4740.2339425086975
4745.48637676239
4750.69961309433
4755.885993719101
4761.281418323517
4766.501503229141
4771.733242034912
4776.954346895218
4782.1353940963745
4787.420990228653
4792.61869931221
4797.890457391739
4803.089655160904
4808.29695057869
4813.536383152008
4818.860987901688
4824.169753313065
4829.4383456707
4834.770175218582
4840.065808534622
4845.344043016434
4850.538636684418
4855.647464513779
4860.82922410965
4866.112603664398
4871.458745241165
4876.685012102127
4882.01951789856
4887.2745769023895
4892.506618976593
4897.6605360507965
4902.869595527649
4908.011217832565
4913.292570114136
4918.56445813179
4923.831944465637
4929.164238214493
4934.377189874649
4939.681835412979
4944.91973567009
4950.103347063065
4955.343323707581
4960.635603189468
4965.836656808853
4971.177516222
4976.3635675907135
4981.532252788544
4986.720676422119
4992.0032069683075
4997.296619653702
5002.710821628571
5007.870337486267
5013.0887541770935
5018.188563346863
5023.383051872253
5028.552401304245
5033.834079504013
5038.959393262863
5044.177754163742
5049.415825366974
5054.6923751831055
5059.901122808456
5065.16712975502
5070.322069406509
5075.454659461975
5080.765362262726
5085.91174030304
5091.131606578827
5096.361171722412
5101.5502252578735
5106.769484043121
5111.913343191147
5117.237863540649
5122.571077108383
5127.889969110489
5133.11293053627
5138.211069345474
5143.510250091553
5148.6879098415375
5153.856090068817
5159.119601011276
5164.4259605407715
5169.64429807663
5174.9862632751465
5180.360726356506
5185.6753878593445
5190.890388965607
5196.107964038849
5201.251652240753
5206.6173503398895
5211.838875055313
5217.063043117523
5222.229336261749
5227.456032514572
5232.661287307739
5237.907047748566
5243.13562130928
5248.41045665741
5253.6187126636505
5258.74477148056
5264.0024564266205
5269.155210733414
5274.4602036476135
5279.676321744919
5284.7691214084625
5290.042541742325
5295.285876750946
5300.531416893005
5305.76854133606
5310.951045751572
5316.187847852707
5321.406495332718
5326.61181473732
5332.007622241974
5337.279453277588
5342.57746219635
5347.949899435043
5353.064134597778
5358.233072042465
5363.533594608307
5368.68016242981
