0.9660708904266357
31.04931330680847
60.08470010757446
89.26422691345215
119.33394980430603
148.33168363571167
178.47199034690857
207.95231914520264
237.5600037574768
267.40676498413086
296.53821659088135
326.0602538585663
358.0108196735382
388.01257514953613
417.4028317928314
447.27714467048645
478.3995089530945
507.9902169704437
538.0476508140564
569.2812042236328
599.9882740974426
629.1680974960327
659.0993249416351
691.6423854827881
722.4960067272186
752.5333640575409
784.2919538021088
815.923583984375
847.5931046009064
877.84912109375
907.9700520038605
939.2970356941223
970.3911623954773
999.5636596679688
1031.067831993103
1062.5916979312897
1091.6944024562836
1123.9657053947449
1155.1019015312195
1186.162350177765
1218.449238061905
1249.9055361747742
1282.8115239143372
1314.7483870983124
1346.6109037399292
1379.819200515747
1411.4779353141785
1443.588681936264
1474.3071086406708
1506.0608756542206
1539.6692798137665
1571.6953864097595
1603.7595233917236
1636.0609748363495
1667.767335176468
1699.4674694538116
1732.5133674144745
1765.529893398285
1799.550024986267
1831.969178199768
1863.1954147815704
1895.2976579666138
1927.4783201217651
1961.161155462265
1992.3844828605652
2024.7771999835968
2056.0556967258453
2090.004067659378
2124.6192920207977
2159.4152698516846
2191.8867456912994
2224.800584077835
2257.6708495616913
2290.1946268081665
2323.0278885364532
2353.8696718215942
2385.963216304779
2418.215915441513
2449.995571374893
2482.911910533905
2515.9102141857147
2549.500977039337
2583.3040783405304
2616.127844810486
2649.3741986751556
2683.4395208358765
2717.9893255233765
2750.764111995697
2784.071943998337
2816.909276008606
2850.6759440898895
2884.3627531528473
2918.3020145893097
2952.8463706970215
2986.744381904602
3020.3109958171844
3053.907492160797
3088.718295097351
3122.925872564316
3155.9944655895233
3190.7520599365234
3224.383905649185
3257.926227092743
3291.5493655204773
3325.2616233825684
3359.439387321472
3392.242922067642
3427.324854850769
3463.1629581451416
3495.097636461258
3530.2895300388336
3564.9589591026306
3598.398487329483
3632.904911518097
3667.0710480213165
3702.124511241913
3734.3738057613373
3769.089966773987
3804.0011343955994
3844.7754397392273
3880.30508852005
3916.201104402542
3951.5148305892944
3986.807962179184
4020.932382583618
4057.921438217163
4093.464405298233
4129.042570352554
4162.790971040726
4198.258841514587
4233.003960132599
4266.878103256226
4301.830851793289
4336.915125370026
4372.497364044189
4407.563094377518
4443.445186138153
4480.045897722244
4513.441581487656
4549.1871428489685
4582.84373831749
4617.564063310623
4653.889682769775
4690.116633653641
4726.392940998077
4763.237220287323
4797.198141813278
4832.353627920151
4869.565611600876
4907.06587600708
4942.501549959183
4977.339915513992
5013.467616558075
5049.220089912415
5084.532269954681
5120.730572938919
5157.474867105484
5194.549537658691
5229.902166843414
5265.840116262436
5301.724983692169
5338.419338941574
5374.709538936615
5410.52094745636
5446.221043586731
5481.753172159195
5519.708039045334
5556.719558238983
5592.093570947647
5629.641575098038
5664.4034740924835
5701.463704109192
5738.57137465477
5775.395923614502
5813.391234397888
5848.886506080627
5887.857383728027
5924.713067770004
5961.715004444122
6000.083287239075
6039.576145648956
6076.36319065094
6113.128874540329
6150.700305700302
6189.893214225769
6227.765821695328
6265.587113142014
6304.485937356949
6340.4233520030975
6377.757256031036
6416.283638954163
6454.810540676117
6493.169339895248
6531.477173805237
6568.670400381088
6603.868080854416
6641.923506259918
6679.689032793045
6715.405863761902
6753.563884019852
6791.320866823196
6831.4018177986145
6867.715775728226
6914.629846811295
6955.273515224457
6994.298266649246
7031.715603590012
7068.470070838928
7106.137663125992
7142.821200370789
7178.646181821823
7216.7672560215
7252.935102939606
7290.965252637863
7327.402738332748
7364.074071645737
7402.204624414444
7440.317467927933
7476.549065113068
7514.316401004791
7550.90318274498
7590.081683635712
7628.516442298889
7667.246103286743
7704.408400774002
7742.568361282349
7780.917494773865
7817.902723312378
7857.679182291031
7896.159426450729
7933.513014554977
7971.734899044037
8010.179486751556
8048.079095840454
8085.867976903915
8125.620845317841
8163.561756849289
8200.691279888153
8240.723678588867
8277.378813028336
8317.18763422966
8355.2027156353
8394.09500169754
8432.864330291748
8470.199310541153
8510.560313463211
8549.291332244873
8586.225875377655
8623.32743358612
8661.46715426445
8701.09117102623
8739.38407588005
8777.889103889465
8816.388705968857
8853.972573757172
8892.359519481659
8930.371743440628
8968.807111501694
9008.126610040665
9046.136631727219
9083.69989824295
9122.612708806992
9162.280356407166
9200.625453233719
9238.558221817017
9278.77541255951
9318.269247293472
9357.149640798569
9395.69283747673
9434.68248128891
20508.016686677933
20549.501294851303
20585.507875919342
20624.530307769775
20663.53999900818
20701.262855052948
20739.36803174019
20776.466372013092
20815.48747229576
20853.707052469254
20891.25003194809
20931.717589378357
20970.909491300583
21010.01159262657
21048.223609685898
21086.747849941254
21126.164300441742
21165.21142220497
21204.811141252518
21242.401208162308
21281.69008088112
21319.86283659935
21360.039278268814
21399.661502361298
21439.1407930851
21477.375623226166
21516.395292043686
21555.480626106262
21594.498263835907
21634.30384516716
21673.725318670273
21713.809958457947
21753.14301300049
21792.40842485428
21832.069378852844
21872.740424633026
21913.667238235474
21950.332319498062
21992.105526685715
22031.727276086807
22071.322275877
22111.272171735764
22152.022539377213
22192.42319202423
22231.473049640656
22270.79830813408
22311.434812307358
22352.895260810852
22392.52092885971
22433.10676908493
22473.43690252304
22514.443071842194
22555.0445291996
22595.22079348564
22634.803819656372
22676.16844844818
22717.022444725037
22757.84392929077
22797.776539564133
22837.995992422104
22878.19326353073
22920.5727186203
22960.177795410156
23001.0052421093
23042.68001484871
23087.03103852272
23127.01318526268
23167.360371112823
23207.810997724533
23248.250483751297
23289.98221731186
23331.195787668228
23371.310796499252
23410.021425962448
23451.39658522606
23492.170833587646
23533.806203126907
23573.50937795639
23614.639975309372
23655.684386253357
23696.640706300735
23739.55077433586
23782.14812231064
23823.038722515106
23864.55025601387
23906.8612074852
23947.770428419113
23989.832027196884
24032.475112438202
24074.563862085342
24117.451837539673
24160.223961114883
24200.7522213459
24242.00860595703
24281.983798742294
24323.45866417885
24365.0088160038
24407.753947734833
24450.3630900383
24492.007937669754
24534.428816318512
24578.336705446243
24620.397222042084
24661.676265478134
24703.525198698044
24746.089866876602
24790.906952619553
24833.96106338501
24876.0089969635
24921.85918688774
24962.870193481445
25004.782732486725
25045.790408611298
25087.914762735367
25130.108714818954
25172.252938747406
25214.755842208862
25256.0993039608
25299.59255552292
25341.075593471527
25383.535805940628
25425.502324342728
25468.039355516434
25510.397359609604
25552.36417412758
25594.983284235
25638.641478061676
25680.88173508644
25723.18923664093
25766.518489599228
25809.857541322708
25852.69619989395
25898.773439645767
25940.555034160614
25982.721202135086
26026.690146923065
26069.021043777466
26112.469380378723
26154.463534593582
26196.06866955757
26238.55663228035
26279.770315170288
26324.049763917923
26367.34872174263
26407.644805431366
26450.568278074265
26492.208320379257
26532.667484760284
26574.06447339058
26617.51795911789
26659.934784650803
26702.501605272293
26745.074161291122
26790.56782388687
26834.370412111282
26877.67956995964
26921.610806703568
26962.76943397522
27003.83117198944
27047.02828025818
27090.868448495865
27137.53075647354
27180.725606441498
27224.406952142715
27267.386362314224
27311.573206186295
27357.54433298111
27400.240322113037
27443.41961336136
27486.730264663696
27526.940294504166
27570.05259346962
27613.87429714203
27658.883764743805
27703.053040504456
27746.028915405273
27789.725237607956
27833.160410642624
27879.85249567032
27924.52648472786
27969.229722738266
28014.391894340515
28057.39152264595
28100.787674188614
28146.353847503662
28192.622797727585
28236.41240286827
28279.831198453903
28322.718901634216
28366.235642671585
28410.320296287537
28453.930335998535
28497.49099469185
28540.182056188583
28583.561732292175
28628.45547223091
28672.239182949066
28716.431498527527
28761.488562107086
28804.91029548645
28846.199959754944
28888.13446545601
28931.477209091187
28974.77177643776
29018.47682452202
29062.102257966995
29105.054974794388
29147.29980778694
29194.900565862656
29240.960968732834
29286.44363760948
29330.978785276413
29375.199198246002
29424.544471025467
29471.07283782959
29513.63947200775
29558.201681613922
29601.330501794815
29645.42630791664
29688.566635608673
29731.703667402267
29776.88175702095
29821.689218759537
29865.97533416748
29907.971137046814
29951.567061424255
29995.49535012245
30039.183444976807
30085.106912136078
30130.858657836914
30173.773611068726
30218.014073371887
30263.603915691376
30308.026368141174
30352.21340060234
30397.335784196854
30441.996151208878
30486.020545244217
30532.55179309845
30575.357548952103
30622.436142921448
30666.861006736755
30711.988536834717
30757.0693192482
30802.404385328293
30847.80491065979
30893.7051653862
30938.439411878586
30986.139674663544
31030.779611587524
31076.52632713318
31123.495027303696
31168.368826150894
31212.7137029171
31257.892298698425
31304.35248184204
31347.601409435272
31393.80273103714
31437.872181415558
31482.717052698135
31525.81098628044
31572.91085076332
31618.069078445435
31661.06312608719
31705.685754060745
31753.169422626495
31797.93582868576
31843.382529497147
31888.568970680237
31933.375460863113
31979.15136551857
32024.50714945793
32069.358324050903
32113.960183143616
32159.06584095955
32201.719481229782
32248.244039535522
32294.374269723892
32339.89737057686
32392.847489118576
32438.598036050797
32484.665376663208
32531.865913391113
32575.257869958878
32625.156574964523
32669.595710277557
32716.90946984291
32760.861468553543
32805.652268886566
32849.49902057648
32897.05246138573
32943.42716550827
32990.70179462433
33040.090513944626
33086.15127468109
33131.88910865784
33179.15703821182
33226.00958633423
33273.408855199814
