0.8511106967926025
27.934125185012817
52.450746297836304
77.39672923088074
101.7345232963562
126.3675537109375
151.12470197677612
176.30726790428162
199.27617359161377
224.0728714466095
249.01777386665344
273.5780975818634
298.3971221446991
323.3957324028015
350.89454770088196
376.0619602203369
400.92772912979126
425.7123658657074
451.18865513801575
476.42220973968506
501.400404214859
526.7771706581116
551.9836223125458
577.7981400489807
602.9010872840881
627.7025103569031
652.512758731842
678.1174020767212
703.4587159156799
729.8806486129761
754.8750936985016
780.3071320056915
806.3895568847656
831.9573354721069
857.0533690452576
882.7188365459442
908.037796497345
933.0680193901062
959.3007256984711
985.137414932251
1010.276967048645
1036.4662885665894
1061.348069190979
1086.829650402069
1112.752688407898
1138.1076095104218
1163.6714675426483
1190.161610364914
1216.2294549942017
1243.0357110500336
1268.9282567501068
1294.7277805805206
1320.8004369735718
1345.8438539505005
1372.2299575805664
1398.7932152748108
1425.0320417881012
1451.2485704421997
1475.7228302955627
1501.0174400806427
1526.192964553833
1551.9994175434113
1577.889076948166
1604.2707433700562
1630.6627051830292
1656.6627118587494
1681.686139345169
1708.2802867889404
1732.9326677322388
1758.5221889019012
1784.6782467365265
1811.4288618564606
1838.597561120987
1864.6225531101227
1891.2738857269287
1917.5704092979431
1944.226845741272
1969.7976257801056
1996.5215265750885
2022.3208892345428
2048.2279074192047
2074.197458267212
2099.8754954338074
2126.74592089653
2153.993186712265
2180.989628314972
2207.291543483734
2235.150862932205
2262.3423240184784
2288.849970817566
2316.591635465622
2343.103749036789
2368.332285642624
2395.0743367671967
2422.73405957222
2449.3710305690765
2476.5110335350037
2503.6482360363007
2530.58180809021
2558.160276412964
2584.7324113845825
2611.344626903534
2639.0773265361786
2666.763936519623
2693.858871459961
2722.3333842754364
2750.061446905136
2777.288516998291
2804.605988740921
2831.64301609993
2858.12473487854
2886.211371898651
2913.989174604416
2941.8227927684784
2969.923264980316
2995.368582010269
3022.3564722537994
3049.9602365493774
3077.5496866703033
3104.3821852207184
3131.1463837623596
3158.795035839081
3186.4417583942413
3213.6717069149017
3239.877039909363
3267.8666191101074
3296.20703792572
3325.7711131572723
3353.3561792373657
3380.9381363391876
3410.865850687027
3439.596626996994
3467.855865240097
3495.756459712982
3522.7476439476013
3550.700980424881
3578.5858623981476
3607.450178861618
3634.691183567047
3661.8840565681458
3690.129497051239
3717.9588861465454
3746.5507283210754
3775.9229764938354
3804.3655388355255
3832.980419397354
3861.9172689914703
3890.464922428131
3919.239499092102
3948.4202332496643
3977.547773361206
4006.9182057380676
4036.2078709602356
4065.0828981399536
4092.986392736435
4122.361240386963
4151.83714389801
4180.984387397766
4210.536797761917
4238.892484664917
4267.9542417526245
4296.185513496399
4324.747186422348
4354.2520072460175
4384.117244243622
4413.347873210907
4442.72930765152
4470.871671676636
4501.293219089508
4529.90923166275
4559.283712148666
4588.427885770798
4617.290558099747
4647.4342212677
4675.875693082809
4703.105941772461
4731.374182462692
4760.968721866608
4789.871201038361
4819.759837627411
4848.851316213608
4878.455551147461
4907.622967481613
4936.87880396843
4966.108837366104
4996.348615407944
5026.505373477936
5057.521642208099
5086.609317302704
5115.973523855209
5145.30931186676
5174.910186052322
5204.027516126633
5232.698208093643
5260.664855957031
5289.652353048325
5318.465806007385
5348.091165781021
5376.8357746601105
5406.9224853515625
5436.792489051819
5466.303142309189
5495.378086566925
5525.257824897766
5554.689447879791
5584.49431681633
5613.9261248111725
5643.189688920975
5671.578441619873
5701.138251781464
5731.701712369919
5761.207716703415
5790.710354089737
5819.3838794231415
5849.31023311615
5880.718847036362
5911.021565437317
5941.910310983658
5972.517761707306
6002.190244674683
6031.830890655518
6068.563998699188
6098.665296316147
6128.517830848694
6158.912387609482
6189.7764275074005
6220.491095304489
6251.451969861984
6282.570944547653
6313.342110872269
6344.216917514801
6373.365436077118
6404.636283874512
6434.9047112464905
6464.687361240387
6495.208564281464
6525.455037593842
6556.527218818665
6586.407542705536
6617.89484000206
6648.261489152908
6678.192645788193
6708.659070968628
6740.110189914703
6770.216522932053
6800.569308519363
6830.739166259766
6862.65020275116
6892.346535682678
6923.371143817902
6953.310102701187
6984.216877698898
7015.316864490509
7045.696093082428
7076.464674949646
7106.619102716446
7135.887232065201
7167.0953204631805
7197.254627227783
7228.254829883575
7261.660850763321
7293.143907546997
7324.362164020538
7356.056654691696
7387.318954229355
7419.254843950272
7449.906144142151
7482.055171728134
7512.861820459366
7544.755787611008
7576.974128961563
7607.297447443008
7638.819462060928
7669.922269582748
7701.852163314819
7732.724902153015
7763.880558252335
7794.985033988953
7827.304442644119
7857.860670089722
7888.873740196228
7919.394108295441
7950.965620756149
7981.108957529068
8013.046343803406
8044.135590314865
8075.3637664318085
8106.647747755051
8137.28595328331
8168.222628355026
8199.33762717247
8231.343563318253
8263.126573324203
8295.554769039154
8327.82242321968
8358.247474193573
8388.753889799118
8420.154910564423
8451.393652915955
8483.239447832108
8515.089042663574
8549.02841258049
8581.677345275879
8613.888752698898
8645.730221271515
8677.805445671082
8709.854933023453
8742.293660402298
8773.696892499924
8805.95208477974
8839.025519609451
8870.493295669556
8901.33079123497
8933.46722459793
8965.31117773056
8998.531075716019
9030.37863779068
9062.87316250801
9094.55818605423
9126.668917179108
9156.412878751755
9189.915973901749
9222.291234731674
9254.253470182419
9287.406064987183
9320.203980922699
9353.94273853302
9386.834872484207
9419.28820014
9451.395447731018
9484.08814406395
9517.990590810776
9551.20899105072
9583.530586004257
9615.2847468853
9647.447937011719
9679.510783910751
9711.71741104126
9743.774740457535
9775.882165431976
9809.74540925026
9842.076162338257
9875.95557808876
9909.891266822815
9941.434212446213
9973.517423391342
10005.631801128387
10038.587542057037
10071.916782140732
10104.352586269379
10143.382344961166
10184.327804803848
10217.130696058273
10250.982263565063
10283.328139066696
10317.944191217422
10350.553242206573
10385.484720468521
10415.902303695679
10449.838108062744
10483.2534532547
10516.90883731842
10548.60849738121
10581.863185882568
10614.777695178986
10648.250980138779
10680.27897810936
10713.615020036697
10744.91264629364
10778.828071594238
10813.432518959045
10846.55693101883
10877.627454280853
10911.774572610855
10945.523113965988
10979.229735136032
11012.279091835022
11046.22825717926
11080.853953123093
11114.144034862518
11146.367571592331
11180.406391859055
11215.230041265488
11248.830734491348
11283.383742809296
11317.170186758041
11350.054813623428
11383.725641965866
11417.016205072403
11451.302919864655
11484.101309537888
11518.549931049347
11552.015263557434
11585.741846323013
11619.177987337112
11652.219779968262
11685.798149108887
11718.744971036911
11750.955730676651
11784.740622997284
11818.489639997482
11851.46877026558
11886.934329748154
11920.216947078705
11952.719626426697
11985.884198665619
12019.589602708817
12053.609485149384
12087.970418214798
12121.130113363266
12155.224049806595
12188.053205490112
12222.041147947311
12256.91972398758
12290.846528291702
12324.114065885544
12357.13687491417
12390.354079723358
12423.86407327652
12458.334490537643
12492.626253843307
12526.846960783005
12561.131693124771
12595.279408454895
12629.972926616669
12663.959775447845
12697.691772937775
12732.826934576035
12767.193641424179
12801.74394774437
12836.849876880646
12872.963766098022
12908.546332597733
12941.165073633194
12974.974631547928
13010.49983906746
13044.944667816162
13078.771248579025
13112.256583690643
13148.93978714943
13182.598921060562
13217.527099609375
13251.641835212708
13285.35654091835
13320.566398859024
13355.055382966995
13387.326657533646
13423.49114561081
13458.81719994545
13493.700227499008
13527.849251747131
13562.185691595078
13596.739389419556
13630.286902427673
13665.285464286804
13700.609445810318
13735.2722158432
13769.608739852905
13804.829709529877
13838.583517074585
13874.8664894104
13909.056445121765
13943.549333572388
13979.28699374199
14013.92164182663
14048.627729654312
14083.396489143372
14117.86225104332
14152.402772188187
14185.978116035461
14219.002364873886
14253.649329900742
14288.57254076004
14323.775785446167
14358.515127897263
14393.72324347496
14428.737166643143
14462.782493829727
14498.427500724792
14533.107032060623
14567.894930839539
14602.500128507614
14635.538014173508
14671.574099302292
14706.410194158554
14741.412474393845
14776.99714922905
14813.384969711304
14849.387419462204
14887.809149980545
14921.08703327179
14957.254848003387
14989.946760892868
15027.379845619202
15063.118284702301
15100.977588891983
15136.755004644394
15171.787284135818
15207.38704419136
15241.876217842102
15277.983534574509
15312.622552156448
15348.163693666458
15381.624902009964
15417.58680844307
15454.055714607239
15489.928805589676
15525.149784326553
15560.638887405396
15596.315151691437
15631.350143909454
15665.590915679932
15701.387365818024
15737.505060434341
15773.882442474365
15809.492006063461
15845.112621068954
15880.79325056076
15916.860505104065
15951.894083976746
15988.876227617264
16025.236780643463
16060.968553304672
16096.560209274292
16133.092168092728
16169.098417758942
16209.519706010818
16246.296272039413
16283.161570310593
16319.372507095337
16356.1792781353
16394.474487304688
16430.608370304108
16466.46380186081
16503.686683654785
16540.74120235443
16576.733969449997
16611.805265665054
16646.89702272415
16682.12083888054
16719.0315554142
16754.550390720367
16793.220790863037
16830.758727550507
16866.321381807327
16902.099417686462
16938.306621789932
16973.7531478405
17010.258099794388
17046.810633659363
17083.093846797943
17120.120372772217
17154.915232896805
17190.522549152374
17228.423916101456
17264.720509052277
17302.240257501602
17339.17023587227
17375.252007722855
17410.763308286667
17446.516289949417
17483.538786888123
17519.214171409607
17555.347420692444
17591.855748176575
17627.948051214218
17663.975627422333
17700.230741500854
17736.431565761566
17772.892795801163
17809.361567497253
17845.549288511276
17882.336980819702
17919.37096953392
17956.40273499489
17992.77133846283
18030.084804534912
18066.582448005676
18103.593985557556
18140.205236196518
18178.08824968338
18215.2813808918
18251.422356128693
18287.06951570511
18324.686720609665
18361.694602012634
18396.5137655735
18432.65983772278
18469.610149145126
18507.567559957504
18542.05151128769
18578.248462677002
18615.655297279358
18653.32019019127
18693.22620010376
18730.277618169785
18768.14296770096
18805.406076192856
18843.03251695633
18882.48871731758
18921.655611991882
18959.155821323395
18996.847066640854
19033.628964662552
19069.351881980896
19106.4973859787
19143.730959653854
19179.952963352203
19216.297260522842
19254.80353307724
19292.176428318024
19329.28270840645
19367.149249315262
19405.69078874588
19442.7125787735
19479.26613497734
19517.415516853333
19555.531235218048
19592.66562271118
19630.945646047592
19669.805846452713
19707.722498893738
19744.812381744385
19782.390340089798
19819.740928411484
19856.868741989136
19893.61839556694
19931.24562907219
19970.235586881638
20007.622646331787
20046.216024398804
20084.90452361107
20122.36828517914
20160.28630709648
20198.30307340622
20236.861640930176
20272.795518636703
20310.58848977089
20349.850752830505
20389.485685825348
20427.817498922348
20465.169141292572
20502.04183292389
20539.712134361267
20575.70108127594
20616.84627008438
20654.727235794067
20692.897307157516
20728.779881238937
20768.136217594147
20806.829070568085
20844.66527056694
20882.393824338913
20921.725610017776
20957.712008714676
20994.818608999252
21033.66551232338
21072.90254497528
21111.900830984116
21149.48798584938
21187.491065979004
21223.524746894836
21261.319150209427
21298.332081079483
21335.44588446617
21373.73090672493
21411.237703323364
21449.914649009705
21486.667886018753
21524.229704856873
21560.347663640976
21598.7462952137
21638.470683813095
21676.38726735115
21715.057826519012
21750.661217212677
21789.039386034012
21825.946667909622
21865.221269845963
21905.160678625107
21942.06937599182
21979.997173547745
22018.206212759018
22056.707797527313
22094.42460846901
22132.47740674019
22172.32599067688
22211.076909780502
22249.423625946045
22285.508452653885
22323.71870970726
22362.428107500076
22399.370233535767
22438.475246667862
22475.848187446594
22513.318619012833
22550.20869755745
22587.5306994915
22626.34951543808
22665.24953365326
22704.648882627487
22743.166377305984
22781.626915454865
22820.123788833618
22858.503161907196
22898.344654083252
22936.780507564545
22974.94910621643
23013.09104990959
23054.482103586197
23091.194779872894
23129.939019203186
23169.6887550354
23209.315737724304
23251.827973604202
23291.11602330208
23329.334575653076
23368.833958148956
23407.05939555168
23445.97772884369
23484.69386935234
23528.291440725327
23568.304092645645
23606.594901800156
23645.33274745941
23684.65784549713
23724.978493452072
23765.335526943207
23802.625445842743
23842.47818017006
23884.317312717438
23919.88959288597
23960.426537036896
23999.396850824356
24039.379375457764
24078.598267793655
24118.097688674927
24153.908157348633
24192.224823474884
24231.373328208923
24272.60905981064
24312.368717193604
24350.235671520233
24388.877979278564
24428.092120409012
24468.860847711563
24509.39893078804
24548.341211795807
24586.35483431816
24624.392424583435
24665.515329122543
24703.103192090988
24742.704256296158
24781.745193719864
24820.998161554337
24860.437428236008
24899.422700881958
24938.648454904556
24979.80112719536
25021.579760313034
25062.390880584717
25103.42893075943
25143.463233232498
25182.744347333908
25220.82122373581
25258.86177277565
25298.31370139122
25338.49765944481
25377.18877720833
25418.256415128708
25457.735424518585
25497.234880924225
25536.385686159134
25575.763658046722
25615.631083726883
25656.086452007294
25694.491714000702
25733.558479070663
25771.783372163773
25811.44562935829
25853.266633987427
25892.641870975494
25930.604692697525
25969.529980897903
26009.149682044983
26048.927857875824
26087.590701580048
26126.899030447006
26168.134827136993
26206.426597118378
26242.759964466095
26281.52850317955
26321.26567196846
26360.999714374542
26400.87826371193
26440.173855543137
26481.30542230606
26519.65526342392
26557.944536447525
26598.51309990883
26637.590448141098
26679.57125878334
26719.763815641403
26761.21790957451
26801.717794656754
26840.85743689537
26881.07422733307
26923.463569402695
26963.46567630768
27003.198424100876
27043.565950632095
27084.104927778244
27123.8700633049
27164.811020612717
27205.37279701233
27245.329656362534
27286.205979585648
27325.870057344437
27366.40294265747
27406.54774594307
27447.2688536644
27487.94467496872
27527.901058912277
27569.389204740524
27611.572465896606
27651.668384075165
27693.740214586258
27735.14579796791
27775.83291196823
27815.348400115967
27855.819361686707
27895.321022748947
27935.586994171143
27976.299370527267
28016.431549310684
28058.69557762146
28099.683344364166
28148.471861839294
28198.96299099922
28238.97055888176
28279.74082350731
28322.383029460907
28363.027836561203
28403.81878876686
28446.1134660244
28487.287292718887
28527.639774799347
28570.57924938202
28611.31133747101
28653.695845127106
28693.72835445404
28735.216425657272
28776.09567785263
28815.501899003983
28857.194138526917
28896.84520983696
28937.893995523453
28977.787274122238
29016.258268356323
29054.400258779526
29093.110058546066
29134.076276302338
29175.09770989418
29215.47396349907
29258.62928056717
29301.31161594391
29341.025639772415
29381.902338266373
29421.584641456604
29463.97109270096
29503.553086280823
29545.88396525383
29584.265628814697
29626.067148447037
29667.206177949905
29707.631215572357
29751.469508886337
29791.301173210144
29831.78834295273
29871.705458164215
29912.822637319565
29952.913578510284
29997.385268688202
30038.51402568817
30080.965312242508
30119.411544561386
30159.67293572426
30200.565836429596
30241.828181266785
30285.02753996849
30325.45266842842
30366.17375087738
30408.369202375412
30448.733247756958
30490.006818771362
30528.502507448196
30569.530774354935
30609.082906007767
30649.86301445961
30690.81022119522
30731.19120335579
30772.846104621887
30813.892788648605
30856.967654705048
30897.36915063858
30937.3827316761
30979.532189130783
31019.412540912628
31059.93225121498
31100.120436668396
31142.30700135231
31182.2614068985
31224.284401893616
31265.839465856552
31309.65516257286
31351.695882081985
31393.46660375595
31435.773848056793
31477.325916290283
31519.433357954025
31561.539585351944
31601.11433672905
31643.978018283844
31684.444849729538
31724.579625606537
31764.45804667473
31807.107048034668
31850.8261654377
31890.175839662552
31932.0424721241
31971.98376560211
32014.34144926071
32055.29295349121
32099.011407852173
32142.081428289413
32186.18599152565
32233.811701774597
32278.62083220482
32320.912635326385
32363.883119106293
32405.072416067123
32447.742107391357
32490.84370470047
32532.635061979294
32569.619422912598
32610.050524950027
32652.827855825424
32696.601940870285
32741.256985664368
32781.916115522385
32823.67767453194
32867.113943338394
32911.42740917206
32954.14557695389
32994.63833975792
33041.01501274109
33083.85768175125
33125.7890791893
33169.404691934586
33212.71608924866
33254.64932203293
33297.47935152054
33340.35563468933
33383.94995522499
33426.122035741806
33468.46981906891
33512.88731741905
33553.95742273331
33595.00009703636
33636.04777598381
33679.629494428635
33719.7376434803
33761.648248672485
33802.67262172699
33846.179827451706
33887.86792898178
33931.609140872955
33972.007376194
34013.37440466881
34055.76156806946
34099.34868168831
34143.194056749344
34187.04923129082
34229.63303899765
34272.739332675934
34317.10165810585
34358.56297469139
34401.704229831696
34444.46588730812
34486.5187766552
34527.4776301384
34572.276826143265
34616.04370737076
34658.31752085686
34701.01577091217
34743.87050104141
34788.84725570679
34829.914757966995
34873.09649133682
34915.061054229736
