0.7924511432647705
13.203193426132202
25.77745532989502
38.56738996505737
51.38213753700256
64.42962718009949
77.42851638793945
90.48698854446411
103.7240378856659
117.09575772285461
130.15146923065186
143.51326870918274
156.78559041023254
170.01457452774048
183.39364552497864
196.83456540107727
210.19471836090088
224.06987881660461
237.68912053108215
251.23211812973022
264.93637895584106
278.4337389469147
291.7294671535492
305.4229927062988
319.05937600135803
332.86849761009216
346.5440323352814
360.0681655406952
373.66128969192505
387.2123246192932
400.8622224330902
415.0260272026062
428.8434202671051
443.1480031013489
456.8524503707886
470.5455632209778
484.37348103523254
498.65290451049805
512.3468074798584
526.3320853710175
540.0590198040009
553.7968490123749
568.0036146640778
581.8902852535248
595.6799182891846
609.6754512786865
623.8270726203918
638.0585172176361
651.788577079773
665.637305021286
679.7902891635895
694.5805275440216
709.2358484268188
723.1146221160889
737.1196417808533
751.456490278244
765.3057644367218
779.4300847053528
794.1149079799652
808.0727939605713
822.1813545227051
837.0101315975189
851.4425165653229
865.497683763504
880.3596820831299
894.6772623062134
908.6513955593109
923.0179462432861
937.5070116519928
951.500079870224
966.0029499530792
980.6041238307953
994.479879617691
1008.3296408653259
1022.6317286491394
1036.8727118968964
1051.7591881752014
1065.7460596561432
1080.075096130371
1094.5574145317078
1108.9741714000702
1122.9916973114014
1137.182934999466
1151.586703300476
1165.9216594696045
1180.6405863761902
1195.3037955760956
1209.5657165050507
1223.7560665607452
1238.2526235580444
1252.263611793518
1266.417810201645
1280.7579054832458
1295.206435918808
1309.748877286911
1324.2447917461395
1338.577183008194
1352.7707035541534
1366.9577050209045
1381.3509349822998
1395.7540266513824
1409.8467757701874
1424.3259363174438
1438.631221294403
1453.9882791042328
1468.3463625907898
1482.8524832725525
1497.5545566082
1514.2991876602173
1530.2544085979462
1545.3259789943695
1560.7206783294678
1575.2545273303986
1589.6591436862946
1604.016123533249
1618.5687556266785
1633.0650489330292
1647.4840903282166
1662.0046117305756
1676.996752500534
1691.1224164962769
1705.604113817215
1720.7780709266663
1735.3187184333801
1749.7902653217316
1764.4287629127502
1778.9365708827972
1793.2466700077057
1807.8974959850311
1822.1537945270538
1836.949774980545
1851.315887928009
1865.7366316318512
1880.5951962471008
1895.021819114685
1909.825008392334
1924.2224860191345
1939.0180854797363
1953.971072435379
1970.1205606460571
1987.2431857585907
2002.906284570694
2018.1391623020172
2033.3513877391815
2048.430359363556
2064.8989701271057
2080.180147409439
2095.2742874622345
2110.1818902492523
2125.62828874588
2140.198954105377
2155.2079179286957
2169.9987699985504
2184.9443764686584
2199.90394616127
2214.964195728302
2229.413319826126
2244.251998901367
2259.128309726715
2274.294037103653
2289.0238234996796
2303.9894120693207
2318.9654948711395
2335.1820516586304
2350.678269147873
2365.657225370407
2380.590959072113
2395.8235442638397
2411.328544855118
2426.2850625514984
2441.324121236801
2456.088647842407
2471.3023207187653
2486.5104608535767
2502.6089544296265
2517.7193462848663
2532.9623641967773
2548.473742723465
2563.4060521125793
2578.5775711536407
2593.5048213005066
2609.3730051517487
2624.5029530525208
2639.588639497757
2654.622604370117
2669.8960270881653
2685.5644562244415
2700.849613904953
2715.469190120697
2730.725033044815
2745.636084794998
2760.780327320099
2775.8141815662384
2792.2046053409576
2808.997836828232
2825.458343029022
2846.7619569301605
2864.712383747101
2881.7281501293182
2897.5720381736755
2913.676167488098
2929.2390763759613
2945.043444633484
2960.4233469963074
2975.7280910015106
2990.745719909668
3005.5290982723236
3021.0541682243347
3036.580178499222
3052.0112969875336
3066.9676461219788
3082.1459851264954
3097.6648132801056
3113.259531736374
3128.068068265915
3143.43972158432
3158.768333673477
3174.2985351085663
3189.7717382907867
3205.323478937149
3221.6396424770355
3237.018273830414
3253.082225561142
3268.187932252884
3283.850000858307
3299.5459537506104
3314.5762162208557
3330.2002005577087
3345.345873594284
3361.3121404647827
3376.572240591049
3391.674705505371
3406.73176240921
3422.5537559986115
3437.6711513996124
3452.736264228821
3468.5188744068146
3483.929340839386
3499.3702421188354
3514.3884184360504
3529.478121995926
3544.0142164230347
3561.8056347370148
3577.2606749534607
3592.289249420166
3607.6942496299744
3623.213252544403
3638.470628976822
3653.9028425216675
3669.338320016861
3684.623234987259
3699.8089513778687
3714.8613827228546
3730.3168473243713
3745.708010196686
3761.0115401744843
3776.4096772670746
3791.4408073425293
3806.2527787685394
3821.3865554332733
3837.3922111988068
3852.765119791031
3868.121431827545
3884.2060630321503
3899.895975828171
3915.0422916412354
3930.443226337433
3945.701797246933
3960.742610692978
3976.0489563941956
3991.2737426757812
4006.508013010025
4022.1186764240265
4037.3547234535217
4053.109836101532
4068.886419773102
4084.1409618854523
4099.628225803375
4115.791868448257
4132.06419801712
4148.12331867218
4163.4223074913025
4178.4229073524475
4193.804802179337
4209.488069295883
4225.176012039185
4240.438283443451
4255.993719339371
4271.429984807968
4286.810936689377
4302.6819858551025
4319.003597736359
4334.911955118179
4350.153398036957
4365.711377620697
4380.824115037918
4396.991593360901
4412.366108894348
4427.712025403976
4443.720304012299
4458.939325094223
4474.398429393768
4489.69618844986
4504.928506135941
4520.647104978561
4536.392205238342
4551.543143749237
4566.683810949326
4582.717553853989
4598.068134307861
4613.147759437561
4629.376851320267
4644.884278535843
4660.501768112183
4676.0715963840485
4691.723698854446
4707.654865026474
4722.876593828201
4739.060261964798
4754.460960865021
4769.789165258408
4785.31814789772
4801.766837120056
4817.737120628357
4832.646691560745
4848.84855556488
4864.131282567978
4879.386269330978
4894.764619350433
4910.028954267502
4926.373454809189
4942.651574134827
4958.297222852707
4973.329348564148
4988.867279052734
5004.003710985184
5019.747527837753
5035.663472652435
5051.108647584915
5066.512356996536
5082.212677955627
5098.03999209404
5114.1981518268585
5129.9800436496735
5145.4552800655365
5161.228647232056
5177.628567934036
5193.809937477112
5209.188776254654
5224.414515733719
5240.309586286545
5256.612707614899
5272.145134210587
5287.470840215683
5303.068537712097
5318.719103574753
5335.593616485596
5351.2441284656525
5367.953031539917
5383.342442274094
5398.680730581284
5414.08559012413
5429.348152637482
5444.562862873077
5460.707240581512
5476.338410377502
5491.976581335068
5507.333145618439
5523.315431833267
5538.729275226593
5554.053678035736
5569.40353178978
5584.893526315689
5600.151359081268
5616.153077840805
5631.795350074768
5647.560240030289
5663.4110770225525
5679.513709068298
5695.79115986824
5711.08910036087
5727.089557886124
5744.3691527843475
5759.798300504684
5775.318429470062
5790.916478633881
5806.244135379791
5821.904586553574
5837.492257833481
5853.175710916519
5868.709147691727
5884.158754110336
5899.77911901474
5915.779616355896
5931.213750839233
5946.478470563889
5961.819236040115
5976.351078033447
5992.140349388123
6007.789599180222
6023.202687263489
6038.618781328201
6053.741764545441
6069.10995054245
6084.779532432556
6099.840678453445
6115.434843540192
6130.596563577652
6146.251650094986
6162.735630989075
6178.58048081398
6193.8911554813385
6209.464752197266
6225.20303440094
6240.305289983749
6255.349020719528
6270.59228014946
6285.583267211914
6300.618370771408
6315.62011885643
6331.097796678543
6346.417663812637
6361.670154571533
6376.63462805748
6391.689789056778
6407.449224472046
6422.69469499588
6438.498012304306
6453.770334482193
6469.381606340408
6484.464854717255
6500.15575671196
6515.57941198349
6530.440453290939
6546.64404797554
6561.500607013702
6577.282358407974
6593.364392280579
6608.899883031845
6624.019322395325
6639.720254182816
6655.062917947769
6670.730341434479
6685.64005112648
6701.222408294678
6716.630323171616
6731.960634469986
6747.261021852493
6762.490013122559
6777.529646158218
6792.669090747833
6808.30860710144
6824.414070367813
6839.5863745212555
6855.021606683731
6870.037882566452
6886.002388954163
6901.6657865047455
6919.234086275101
6934.843603372574
6950.148706912994
6966.0530824661255
6981.20271396637
6996.908695459366
7012.1009311676025
7027.576136112213
7042.798922777176
7057.980098247528
7073.018029212952
7089.110388755798
7104.961710929871
7120.807800292969
7136.428512811661
7152.139506340027
7167.635430574417
7183.413584470749
7198.47799706459
7213.978885412216
7228.928792715073
7245.104369163513
7260.242479324341
7275.568124771118
7290.7759737968445
7306.143654584885
7321.750916719437
7337.350320339203
7352.429165363312
7367.623548984528
7383.366198301315
7399.02668762207
7414.705883741379
7430.291149139404
7445.70082449913
7462.036883354187
7477.540506839752
7492.813339710236
7508.052495002747
7523.102384328842
7538.329797029495
7554.527334451675
7569.718374490738
7585.350051879883
7601.047210454941
7616.232693195343
7631.254352092743
7646.707395792007
7662.249824285507
7677.514133691788
7692.797339677811
7708.2153861522675
7724.357979059219
7739.746042966843
7755.379151582718
7771.447750091553
7787.225177526474
7802.287870168686
7817.762682199478
7832.676244735718
7848.360306739807
7863.716490983963
7879.299779891968
7895.644233703613
7911.460656404495
7926.708525180817
7942.296977758408
7957.750733137131
7973.143961429596
7988.633540153503
8004.087776660919
8019.968425512314
8035.735676527023
8051.471985816956
8066.833885192871
8082.064180850983
8097.348334789276
8112.854223489761
8128.588528871536
8144.43660902977
8159.929040670395
8175.435609817505
8190.757345914841
8206.421536445618
8221.602111577988
8237.46964430809
8252.691101551056
8268.002558231354
8283.317862510681
8298.627336978912
8314.614268541336
8330.254405736923
8345.54099559784
8360.511620521545
8376.234830856323
8391.086277246475
8407.696460485458
8423.137637138367
8438.271127700806
8453.688101768494
8469.046119451523
8484.793429136276
8501.182472229004
8516.386162281036
8532.921590089798
8548.067131519318
8563.223908185959
8578.960291862488
8594.018146753311
8609.613859653473
8625.951907873154
8641.503237009048
8657.11190867424
8672.276069402695
8687.700685977936
8703.708794116974
8719.970284461975
8737.164427042007
8752.276386260986
8767.626720190048
8782.70598602295
8797.844980478287
8814.156168222427
8829.586107254028
8845.140055894852
8860.431833982468
8876.017156124115
8891.679049015045
8907.151409864426
8922.80718755722
8938.20166349411
8953.447564125061
8968.99499964714
8984.522764444351
8999.662955999374
9015.201912164688
9031.235191822052
9046.640033245087
9062.820420265198
9078.114194869995
9093.657186985016
9109.214146375656
9124.833816766739
9140.969991445541
9156.827068567276
9172.138971090317
9187.666201353073
9203.549993276596
9219.220846891403
9234.385023117065
9250.752148628235
9266.009000301361
9281.729997634888
9297.253700971603
9312.383989810944
9327.344418048859
9342.596496582031
9358.620327949524
9374.77828001976
9390.1423432827
9406.137837648392
9421.661042690277
9436.807917118073
9452.424704313278
9467.560625076294
9483.291511297226
9499.329323530197
9514.731536149979
9530.098350524902
9545.565284490585
9561.886066198349
9577.43091058731
9592.963608026505
9608.535458564758
9624.121010780334
9639.316346168518
9654.931515455246
9670.273775577545
9685.845409870148
9701.385730266571
9716.87072110176
9732.561195373535
9747.964453935623
9763.81461071968
9779.384672641754
9794.980263710022
9810.153018474579
9825.929406642914
9841.658950567245
9857.704988002777
9873.79875922203
9890.355018854141
9906.3203830719
9922.363542795181
9938.2075715065
9953.571910142899
9969.242598772049
9984.924730062485
10000.636034488678
10016.425149917603
10032.175515651703
10047.332242250443
10063.259907007217
10078.922811031342
10094.387230157852
10110.455876350403
10126.169567584991
10141.855518579483
10157.449698448181
10172.625866651535
10188.034546136856
10203.835507392883
10219.207925081253
10234.898009300232
10250.70919418335
10266.789915561676
10282.251423358917
10297.694140434265
10313.720762968063
10328.861454248428
10344.851555347443
10360.559171915054
10376.72285270691
10392.667698383331
10408.44415807724
10424.284506082535
10440.080152511597
10456.49655532837
10472.130768537521
10487.428072929382
10503.169181346893
10519.183928251266
10535.140148162842
10550.41007900238
10565.553960323334
10581.394742488861
10596.52649641037
10612.305100440979
10627.817872524261
10643.94869017601
10659.315000295639
10674.617110490799
10690.34239578247
10706.589739322662
10722.814156770706
10738.377704381943
10753.6943795681
10769.398403644562
10784.712490797043
10800.252203941345
10815.59846663475
10831.202793121338
10846.837433576584
10862.77159190178
10878.635609149933
10893.652365207672
10909.504311561584
10925.318250656128
10940.970364809036
10957.410306930542
10973.332253456116
10988.46713590622
11003.91479063034
11019.689327955246
11035.433324575424
11051.9091360569
11069.236531496048
11084.413799524307
11100.196222305298
11115.490832090378
11130.869445085526
11146.617313146591
11161.851190328598
11177.778969287872
11193.147601366043
11208.828152656555
11224.909153223038
11240.233610153198
11255.681119203568
11271.330513477325
11286.615161418915
11302.051801919937
11317.80080151558
11333.404454231262
11349.273067951202
11365.439998149872
11381.083280086517
11396.442161798477
11412.614969730377
11427.812269926071
11443.606503009796
11459.401365041733
11475.734044075012
11491.831595182419
11507.869750022888
11523.468865156174
11538.964145183563
11555.150199890137
11571.155404567719
11586.516622543335
11601.738483667374
11617.399061918259
11632.981905937195
11649.114886045456
11664.836026191711
11680.00867342949
11695.89565896988
11711.577043056488
11727.317339420319
11743.041068077087
11758.927488088608
11774.610804319382
11790.846840381622
11807.483169794083
11823.590208768845
11839.181742668152
11854.578459501266
11869.669471025467
11885.406811475754
11901.006692171097
11917.370099067688
11932.793704032898
11948.899181365967
11964.443543195724
11979.920526981354
11995.787652730942
12011.113171339035
12027.10834646225
12042.790450811386
12058.613447904587
12074.01416349411
12089.854685544968
12105.199029684067
12121.596870183945
12137.48818731308
12153.200128555298
12168.638260364532
12184.643948554993
12200.237782478333
12215.963614225388
12231.968451976776
12247.918450593948
12263.466470003128
12279.359513044357
12295.049621343613
12310.37034201622
12327.074196338654
12342.72361946106
12358.72487950325
12374.209183692932
12390.055049180984
12405.782279729843
12421.207041740417
12436.96914100647
12452.206886053085
12468.662556171417
12484.483779668808
12500.001298189163
12515.417173147202
12530.941624641418
12546.477110385895
12562.013633489609
12578.268187046051
12593.818960428238
12609.526677846909
12625.106803417206
12640.867460250854
12657.719452381134
12673.344937562943
12688.527017116547
12704.446883916855
12719.738958597183
12735.392997980118
12750.632035255432
12767.004971265793
12782.650996923447
12798.762249946594
12814.31364440918
12830.7091152668
12846.532356977463
12862.892726659775
12878.217037677765
12894.338496685028
12910.05714392662
12925.628957271576
12941.302924394608
12957.056504964828
12972.549319267273
12988.064696073532
13003.538335561752
13018.927003860474
13034.370769739151
13049.720391273499
13065.20303440094
13081.286727190018
13096.36448431015
13111.9855093956
13127.58575129509
13143.819612503052
13159.79858827591
13175.747772216797
13191.892842769623
13207.981447935104
13223.447709560394
13239.343351125717
13254.84488272667
13270.390731811523
13285.874371290207
13301.838005065918
13317.94164800644
13334.356567382812
13349.921884775162
13365.691508293152
13381.116466760635
13397.073213815689
13413.81599187851
13429.47779083252
13445.601214885712
13461.095635175705
13477.46016073227
13492.851615190506
13508.925683259964
13525.306801319122
13541.26658129692
13556.990287542343
13573.743271827698
13589.537101984024
13605.074336528778
13620.955090045929
13637.308551073074
13653.47175168991
13670.25499200821
13688.057939529419
13704.737739086151
13721.232011795044
13736.735602617264
13751.8412027359
13767.527186393738
13783.06657409668
13799.153898954391
13816.18553686142
13832.234988212585
13848.653373241425
13864.201817035675
13879.689262628555
13895.676201581955
13911.543575525284
13927.177670001984
13943.083760738373
13958.695210695267
13974.458651781082
13990.259125471115
14006.092581510544
14021.845206737518
14037.936168670654
14054.050524234772
14069.818344593048
14085.624245882034
14101.265070199966
14116.957330226898
14133.541108846664
14150.047744512558
14166.47706246376
14181.768872499466
14197.58704161644
14212.848429203033
14229.05119729042
14244.88810968399
14261.199534654617
14277.352843284607
14293.24234199524
14308.98102426529
14325.032911539078
14340.69835281372
14357.715680837631
14373.637559890747
14389.855955600739
14405.750609636307
14421.874276161194
14437.601220369339
14453.125732183456
14468.891349077225
14484.320579767227
14500.371601819992
14515.872901678085
14531.748408794403
14547.422632217407
14563.503327846527
14579.479243278503
14595.136006593704
14610.78012228012
14626.889332294464
14642.406230926514
14658.55688714981
14674.967304706573
14691.17448592186
14707.008277654648
14722.575216770172
14738.086612701416
14753.947360277176
14770.078878641129
14786.258989095688
14802.432565450668
14818.90112543106
14835.076732873917
14850.860019207
14866.891137838364
14883.186711072922
14899.242703437805
14915.25408911705
14931.455250263214
14947.844953775406
14963.651487588882
14979.758712530136
14996.119597673416
15012.010443687439
15028.23922753334
15043.665925741196
15059.75660943985
15075.570970535278
15091.292118787766
15107.999765872955
15123.995435237885
15140.15496301651
15156.402964353561
15171.89383816719
15187.488905191422
15203.41397190094
15219.147670030594
15235.214776277542
15250.690009355545
15266.25435757637
15281.984230041504
15297.810976982117
15313.423249483109
15329.348248958588
15345.215991973877
15360.476346492767
15376.674669742584
15392.620987653732
15408.138895273209
15424.523689031601
