0.8038527965545654
24.315906286239624
47.46739172935486
71.25303506851196
94.64439702033997
117.91654324531555
140.98078083992004
163.58000421524048
187.77393531799316
211.89589166641235
235.0404818058014
258.7519974708557
282.6055443286896
306.859454870224
330.6051244735718
354.0988483428955
378.0642395019531
402.82954263687134
426.70436429977417
450.06857991218567
474.730427980423
499.2196168899536
522.7795922756195
547.1502823829651
571.5209639072418
595.6366817951202
620.3517696857452
644.9586856365204
670.731422662735
695.2001731395721
720.100800037384
745.7094986438751
770.5118930339813
795.9051215648651
820.8291435241699
844.8616213798523
870.0310964584351
894.26327252388
918.8505389690399
945.1104912757874
970.4267156124115
996.2683081626892
1021.008273601532
1045.9314529895782
1071.0094408988953
1096.0332894325256
1120.1847038269043
1145.5389759540558
1170.8831157684326
1196.0435523986816
1221.5247979164124
1246.8796899318695
1272.652798652649
1298.3512632846832
1323.9302666187286
1348.7188034057617
1374.4715032577515
1400.948476076126
1426.7272911071777
1452.5462381839752
1479.2381339073181
1507.3756296634674
1531.7981309890747
1558.5479142665863
1584.991289138794
1610.987131357193
1637.0905838012695
1662.9448289871216
1689.2729840278625
1714.438766002655
1740.1778347492218
1766.3715736865997
1791.863571882248
1818.0219314098358
1844.2239763736725
1870.2057464122772
1896.7209255695343
1923.7400352954865
1952.6431376934052
1979.4159910678864
2006.0072214603424
2031.2344257831573
2057.418560028076
2081.9880046844482
2107.6443972587585
2133.310289621353
2160.7564640045166
2189.0519547462463
2215.202441215515
2240.789956331253
2267.481942176819
2294.1797120571136
2319.972658634186
2346.321899175644
2373.401794195175
2401.0367929935455
2427.6359305381775
2454.7992808818817
2481.693827867508
2508.457349061966
2535.735144853592
2562.2787787914276
2589.669741868973
2617.708891391754
2644.599772453308
2671.0721411705017
2697.900925397873
2724.927426099777
2751.2911999225616
2777.632333755493
2804.3357870578766
2830.9245476722717
2858.622932434082
2884.050150871277
2909.54807806015
2937.144077539444
2964.0075097084045
2990.5868215560913
3017.9101796150208
3044.99147772789
3072.2072489261627
3099.2736797332764
3126.1012439727783
3153.3073053359985
3182.1882314682007
3209.3402602672577
3235.284759283066
3262.81173992157
3290.841940879822
3317.1814036369324
3345.0354595184326
3372.357331752777
3400.2696192264557
3428.2251393795013
3456.3180923461914
3483.80699133873
3511.3273725509644
3539.710008621216
3566.8105368614197
3593.649841785431
3621.156232357025
3648.936406850815
3676.467643737793
3704.5429196357727
3731.9032101631165
3758.978978872299
3787.115808725357
3814.416233778
3842.546957015991
3870.8519473075867
3898.874465942383
3926.157961368561
3954.238776445389
3981.9358365535736
4009.4190468788147
4036.9335508346558
4065.506825208664
4093.8897156715393
4123.225036859512
4152.271078586578
4178.989348888397
4205.577843666077
4234.6280953884125
4263.299759864807
4290.27416062355
4319.4050805568695
4347.19406247139
4374.515174865723
4403.29555106163
4431.926289796829
4459.880542516708
4489.144412994385
4517.864821910858
4545.45397400856
4575.071943759918
4602.456499099731
4631.42299079895
4660.676902770996
4689.772075176239
4718.011219024658
4747.685857057571
4776.805031299591
4805.763422489166
4834.536057949066
4861.989302873611
4888.819082975388
4917.434631586075
4946.626732110977
4976.424646854401
5003.794841766357
5033.005661010742
5061.817690610886
5090.165607452393
5119.662422180176
5151.425846815109
5179.585828542709
5207.414186239243
5237.490017652512
5267.031321525574
5296.999072790146
5326.08148932457
5355.823866605759
5383.981799840927
5413.167264699936
5442.3712322711945
5470.59677028656
5499.662379980087
5529.983001470566
5559.445891618729
5589.344312667847
5618.430246591568
5647.804344415665
5677.179988384247
5707.8170964717865
5737.438159227371
5765.867505788803
5795.342861652374
5823.419752120972
5853.384165763855
5882.852203845978
5912.3148102760315
5942.092074632645
5970.8039882183075
6000.981508016586
6031.829587697983
6061.637578010559
6091.389834403992
6120.042658567429
6150.2715809345245
6179.787046432495
6209.607667684555
6238.753329992294
6268.726059675217
6298.746778011322
6328.432723999023
6359.356339216232
6389.266610383987
6418.774192094803
6449.301096916199
6478.914016246796
6508.759181261063
6539.504461526871
6569.599686384201
6599.712351560593
6631.178528547287
6660.316375732422
6689.874501943588
6719.182993412018
6749.523215055466
6778.897458076477
6809.081897497177
6839.12823343277
6869.458835363388
6899.07787156105
6929.756596565247
6959.741888284683
6990.963897943497
7021.964779138565
7051.720720529556
7082.09152007103
7113.157008886337
7144.379722356796
7175.428387403488
7205.96914434433
7236.6799392700195
7267.823266983032
7298.470315694809
7330.073138952255
7361.7013347148895
7393.159581899643
7423.8793869018555
7455.7135219573975
7487.333632230759
7518.183166742325
7548.2573158741
7579.160069942474
7609.2780385017395
7641.7893579006195
7672.967488765717
7704.257684230804
7735.507166862488
7768.105314254761
7799.792426109314
7830.739544868469
7862.654650688171
7893.420061588287
7924.530718326569
7955.01372551918
7986.094034194946
8017.037946939468
8044.780511140823
8075.3608338832855
8106.818691253662
8137.580051422119
8169.146405696869
8200.457013368607
8231.062039852142
8261.371859073639
8292.637033939362
8323.535145998001
8355.077718019485
8385.773631811142
8417.65179347992
8448.468381643295
8480.118305206299
8510.85002374649
8542.082551717758
8571.858494520187
8603.173364400864
8633.55032324791
8665.280757665634
8696.924592256546
8728.62111735344
8759.51997423172
8791.327955961227
8823.76165175438
8855.336119890213
8887.051035404205
8917.81927037239
8949.132438659668
8980.958119392395
9012.166508674622
9044.123049497604
9076.191476345062
9108.331505537033
9139.366874933243
9171.334403276443
9203.83305644989
9236.006050109863
9267.175196886063
9298.91194486618
9330.911013364792
9363.020733356476
9396.777915477753
9428.40483880043
9458.427395105362
9491.470480203629
9524.38109087944
9556.737479686737
9588.922486305237
9620.275844812393
9653.205587148666
9686.160438299179
9717.296131372452
9748.791340827942
9781.229638814926
9813.43980550766
9845.364126682281
9877.90761089325
9910.139293670654
9942.758284568787
9974.554530143738
10007.12463927269
10040.852407217026
10074.416317224503
10107.007416725159
10138.699731349945
10170.593819856644
10201.430072546005
10233.8626101017
10266.811767101288
10298.921688318253
10331.668864965439
10364.367956876755
10396.639578819275
10430.382637739182
10462.397535562515
10493.864705085754
10527.000765323639
10559.3273229599
10591.74350976944
10624.517756462097
10657.808836221695
10689.58897781372
10721.851932764053
10754.438044071198
10787.732596874237
10819.758590698242
10852.685161113739
10885.55969786644
10917.968116044998
10950.428678274155
10984.589524030685
11016.773528337479
11050.262774467468
11081.213099002838
11112.947436094284
11145.410292625427
11176.932749032974
11210.5191924572
11241.55139040947
11278.543625593185
11312.88183093071
11345.91443324089
11379.93787407875
11413.846064805984
11446.448827028275
11479.736461877823
11512.49670624733
11545.94862127304
11579.551063776016
11611.796065330505
11643.844982147217
11676.636650800705
11709.662400245667
11742.486537218094
11775.915257692337
11809.724967002869
11844.078854322433
11878.150458574295
11913.313037872314
11945.259935617447
11979.09346294403
12012.103790283203
12046.221180915833
12079.529371976852
12110.864218235016
12144.036644935608
12178.241729021072
12211.761874198914
12244.860947608948
12277.441841602325
12312.335478067398
12347.842897415161
12382.875845909119
12418.463604211807
12454.942232847214
12489.646709442139
12524.857578516006
12559.494102716446
12592.732757806778
12627.401793003082
12660.453164339066
12692.670439243317
12726.388234615326
12760.187289714813
12793.965760946274
12828.670156240463
12861.466407299042
12894.984427928925
12929.829725980759
12964.198008537292
12998.82669878006
13033.70652627945
13065.09517455101
13097.519087791443
13131.21332192421
13165.688087701797
13198.344773054123
13233.487078666687
13270.777386903763
13305.731797218323
13340.119565725327
13375.826163768768
13412.660128116608
13463.059064626694
13496.607036352158
13530.20576953888
13564.83425116539
13599.404869318008
13634.780370235443
13669.898254156113
13703.923221826553
13737.491972446442
13770.796821594238
13805.85189819336
13841.342220067978
13874.57902598381
13910.148207187653
13945.418344020844
13979.394201755524
14013.985333681107
14048.357203245163
14080.80194568634
14114.821867704391
14150.298173189163
14183.609287977219
14219.445052862167
14252.97352552414
14287.304491758347
14321.934181928635
14357.50007557869
14393.87670969963
14428.053322553635
14464.782419681549
14500.816534042358
14534.42523431778
14570.1674118042
14604.478962421417
14640.718888759613
14675.448263406754
14710.344570159912
14745.58256816864
14779.890718698502
14814.465034246445
14849.541016578674
14885.152538776398
14921.317789077759
14954.480016946793
14989.197395086288
15025.045737028122
15060.849324703217
15097.078365564346
15132.39859843254
15167.57483458519
15202.919695615768
15237.62873005867
15272.817101955414
15306.960918188095
15342.71093916893
15376.534233808517
15410.960569858551
15446.749581336975
15482.01116490364
15518.23411488533
15553.118725776672
15589.873755931854
15624.097918748856
15659.689057350159
15694.765903234482
15729.16686964035
15764.922291994095
15801.80581855774
15837.165271282196
15873.957835197449
15907.820354223251
15945.604140043259
15984.381432294846
16028.244469165802
16068.841390371323
16103.764051675797
16140.415870189667
16177.46505522728
16213.696006298065
16246.801538944244
16282.995729207993
16320.415708303452
16355.388595581055
16391.22716641426
16426.839579343796
16461.91431570053
16496.37841105461
